211171
211274
211377
211479
211580
211682
211784
211885
211985
212089
212190
212293
212395
212497
212600
212701
212803
212904
213006
213107
213209
213311
213412
213513
213615
213716
213818
213919
214021
214122
214222
214324
214426
214528
214629
214730
214832
214934
215035
215136
215238
215339
215441
215543
215645
215746
215847
215950
216051
216155
216257
216361
216462
216564
216665
216768
216869
216973
217075
217177
217279
217381
217483
217585
217686
217788
217889
217990
218092
218192
218294
218395
218496
218597
218699
218801
218902
219004
219107
219208
219310
219412
219513
219613
219715
219816
219918
220020
220123
220224
220326
220427
220530
220632
220734
220835
220937
221038
221141
221243
221347
221450
221554
221657
221758
221859
221960
222063
222164
222265
222368
222469
222571
222672
222775
222876
222980
223084
223186
223289
223390
223492
223592
223695
223796
223896
223998
224100
224201
224302
224404
224506
224608
224713
224814
224915
225018
225119
225221
225323
225424
225525
225627
225728
225829
225931
226033
226135
226235
226337
226440
226541
226643
226745
226845
226947
227049
227150
227252
227353
227455
227557
227658
227760
227860
227961
228064
228166
228268
228369
228471
228573
228674
228776
228877
228982
229084
229186
229288
229389
229491
229592
229693
229795
229896
229997
230098
230200
230301
230403
230504
230605
230708
230809
230911
231011
231112
231214
231316
231416
231518
231619
231721
231822
231925
232027
232128
232229
232331
232432
232534
232636
232739
232840
232942
233044
233145
233247
233347
233449
233551
233654
233756
233857
233959
234060
234163
234265
234366
234467
234569
234671
234772
234873
234976
235076
235177
235279
235380
235481
235583
235685
235786
235887
235990
236091
236193
236295
236397
236499
236602
236708
236810
236912
237013
237116
237216
237318
237419
237521
237623
237724
237826
237928
238030
238131
238232
238334
238435
238536
238637
238739
238839
238942
239044
239144
239247
239348
239449
239551
239653
239755
239856
239956
240059
240160
240262
240363
240465
240566
240668
240770
240872
240973
241074
241176
241278
241381
241482
241585
241686
241788
241889
241991
242095
242196
242297
242399
242501
242603
242707
242809
242909
243012
243114
243217
243318
243420
243521
243623
243724
243825
243927
244029
244131
244233
244335
244437
244539
244640
244742
244845
244945
245047
245147
245250
245351
245452
245554
245656
245758
245860
245962
246063
246166
246268
246369
246471
246574
246676
246778
246881
246982
247083
247184
247286
247387
247489
247590
247692
247794
247895
247997
248098
248200
248301
248402
248506
248607
248709
248810
248912
249016
249118
249220
249321
249422
249523
249625
249727
249829
249931
250033
250134
250236
250338
250441
250543
250645
250746
250848
250950
251051
251153
251254
251356
251457
251558
251660
251762
251864
251965
252067
252169
252270
252371
252473
252574
252676
252777
252878
252980
253081
253183
253283
253384
253487
253588
253689
253791
253893
253994
254096
254198
254299
254401
254503
254605
254706
254807
254910
255012
255113
255214
255316
255417
255519
255621
255723
255823
255924
256027
256128
256230
256333
256434
256536
256638
256739
256840
256941
257042
257143
257244
257346
257449
257550
257653
257754
257855
257958
258059
258159
258262
258363
258465
258566
258668
258770
258872
258974
259076
259178
259279
259381
259483
259585
259686
259787
259888
259990
260092
260195
260296
260397
260498
260600
260701
260803
260904
261005
261107
261208
261309
261411
261513
261615
261718
261819
261920
262022
262123
262224
262326
262428
262529
262631
262732
262833
262935
263035
263137
263238
263340
263441
263542
263644
263744
263845
263946
264048
264150
264251
264354
264454
264556
264657
264758
264861
264963
265064
265166
265267
265370
265471
265571
265674
265775
265876
265976
266079
266181
266283
266383
266486
266587
266689
266790
266891
266992
267095
267196
267297
267399
267500
267601
267702
267803
267904
268004
268106
268207
268309
268411
268513
268615
268716
268818
268919
269021
269123
269225
269327
269429
269531
269633
269735
269836
269938
270040
270141
270243
270345
270446
270547
270650
270751
270852
270955
271056
271158
271259
271362
271466
271568
271669
271770
271872
271975
272078
272181
272283
272384
272485
272586
272688
272789
272889
272991
273093
273193
273295
273397
273499
273601
273702
273803
273904
274006
274107
274208
274310
274411
274513
274614
274715
274817
274919
275021
275123
275224
275326
275428
275530
275632
275734
275835
275936
276039
276140
276242
276344
276446
276547
276649
276751
276851
276953
277055
277156
277258
277359
277461
277562
277664
277766
277868
277970
278072
278174
278276
278378
278479
278581
278683
278784
278886
278988
279089
279191
279292
279395
279496
279598
279699
279801
279903
280005
280107
280208
280310
280412
280514
280615
280716
280818
280920
281021
281123
281223
281325
281427
281528
281629
281731
281832
281935
282037
282138
282240
282341
282443
282545
282647
282750
282851
282954
283056
283157
283259
283361
283462
283563
283666
283767
283869
283971
284072
284173
284274
284377
284478
284580
284681
284783
284884
284985
285088
285189
285291
285393
285494
285595
285696
285798
285899
286001
286103
286204
286305
286407
286508
286610
286711
286813
286914
287015
287116
287217
287318
287421
287522
287624
287725
287827
287929
288031
288132
288234
288335
288436
288538
288640
288742
288843
288945
289048
289149
289251
289352
289454
289554
289655
289758
289859
289961
290062
290164
290267
290368
290469
290570
290672
290773
290874
290976
291079
291181
291283
291385
291486
291587
291692
291795
291896
291998
292100
292202
292303
292405
292506
292607
292710
292812
292914
293016
293117
293219
293320
293421
293523
293616
293626
293725
293826
293927
294027
294131
294232
294333
294436
294537
294637
294739
294839
294943
295043
295145
295246
295347
295448
295550
295651
295752
295853
295954
296057
296158
296260
296362
296463
296566
296667
296768
296869
296970
297072
297173
297275
297376
297477
297578
297680
297781
297882
297983
298085
298187
298289
298391
298493
298596
298696
298797
298899
299001
299102
299203
299305
299406
299507
299608
299709
299810
299911
300013
300114
300216
300316
300417
300519
300620
300722
300824
300924
301026
301127
301229
301330
301431
301532
301634
301735
301835
301937
302038
302139
302239
302342
302442
302543
302645
302746
302848
302951
303051
303153
303253
303355
303456
303558
303659
303760
303860
303961
304063
304164
304265
304366
304467
304569
304671
304772
304873
304974
305076
305177
305278
305379
305481
305582
305682
305790
305892
305994
306096
306199
306301
306402
306504
306606
306708
306810
306912
307014
307116
307217
307318
307420
307521
307621
307723
307823
307925
308028
308130
308231
308332
308434
308536
308638
308740
308843
308944
309045
309146
309248
309349
309451
309552
309654
309756
309857
309958
310060
310162
310264
310365
310466
310568
310670
310772
310873
310974
311075
311177
311278
311381
311482
311583
311684
311786
311887
311987
312090
312191
312293
312395
312496
312597
312700
312802
312904
313005
313108
313210
313312
313413
313514
313615
313716
313817
313920
314022
314123
314225
314326
314428
314530
314631
314731
314832
314933
315035
315136
315237
315339
315441
315542
315643
315745
315846
315948
316050
316151
316251
316354
316455
316555
316657
316758
316859
316961
317061
317163
317264
317366
317468
317570
317672
317774
317875
317976
318079
318181
318282
318384
318485
318586
318688
318790
318892
318994
319095
319196
319297
319400
319501
319602
319704
319805
319906
320008
320109
320211
320313
320413
320515
320616
320718
320819
320921
321022
321124
321225
321326
321428
321529
321630
321732
321834
321936
322038
322139
322241
322342
322443
322545
322646
322747
322848
322951
323053
323154
323254
323356
323457
323558
323659
323761
323861
323962
324065
324165
324266
324368
324469
324572
324673
324776
324877
324979
325081
325183
325283
325386
325487
325588
325689
325790
325891
325992
326095
326196
326297
326399
326501
326603
326704
326805
326906
327008
327109
327211
327313
327414
327517
327617
327718
327819
327920
328022
328124
328226
328327
328428
328530
328630
328731
328832
328935
329035
329137
329238
329339
329440
329541
329642
329743
329846
329946
330048
330150
330252
330355
330456
330558
330660
330762
330862
330965
331066
331167
331269
331371
331473
331575
331679
331780
331882
331983
332086
332187
332289
332390
332492
332594
332696
332797
332898
333000
333101
333202
333304
333405
333506
333607
333710
333811
333913
334014
334116
334218
334319
334420
334523
334624
334726
334827
334929
335031
335131
335233
335335
335436
335538
335639
335741
335841
335943
336044
336145
336247
336348
336451
336552
336654
336755
336856
336957
337060
337161
337262
337364
337466
337568
337670
337772
337874
337975
338076
338178
338280
338380
338481
338583
338685
338787
338889
338990
339092
339194
339295
339396
339502
339600
339701
339802
339903
340006
340106
340208
340309
340410
340511
340613
340713
340815
340915
341017
341119
341221
341322
341424
341526
341627
341728
341829
341931
342032
342132
342235
342338
342439
342541
342643
342743
342844
342946
343049
343150
343252
343354
343456
343559
343660
343761
343863
343965
344066
344168
344269
344370
344472
344575
344676
344777
344880
344981
345082
345183
345285
345386
345487
345589
345691
345791
345892
345993
346093
346196
346297
346399
346501
346603
346705
346807
346908
347010
347111
347212
347314
347416
347519
347620
347721
347823
347925
348026
348127
348229
348330
348430
348532
348634
348735
348837
348938
349040
349142
349242
349343
349446
349547
349648
349749
349851
349952
350052
350155
350256
350358
350459
350561
350661
350763
350865
350966
351067
351169
351270
351372
351473
351574
351675
351777
351880
351982
352083
352185
352287
352390
352491
352592
352693
352795
352896
352999
353101
353202
353304
353406
353508
353610
353711
353812
353913
354014
354116
354217
354319
354422
354523
354625
354727
354828
354929
355030
355131
355233
355335
355437
355539
355641
355742
355844
355944
356045
356146
356249
356351
356452
356554
356655
356757
356859
356959
357060
357162
357262
357364
357465
357566
357672
357774
357876
357977
358079
358180
358282
358384
358486
358587
358688
358790
358891
358993
359094
359195
359296
359398
359501
359602
359703
359806
359906
360009
360109
360211
360313
360414
360515
360617
360718
360819
360920
361022
361123
361225
361327
361428
361530
361631
361733
361834
361935
362036
362139
362240
362341
362443
362544
362646
362747
362850
362951
363052
363154
363255
363356
363458
363559
363662
363762
363863
363964
364065
364166
364268
364369
364471
364572
364673
364774
364876
364979
365080
365181
365283
365384
365486
365587
365689
365791
365891
365992
366094
366197
366299
366400
366502
366604
366705
366807
366908
367010
367111
367211
367312
367412
367514
367614
367716
367819
367921
368023
368124
368225
368327
368428
368529
368631
368733
368834
368935
369037
369139
369241
369342
369444
369545
369648
369749
369851
369952
370053
370154
370256
370357
370459
370560
370661
370769
370870
370971
371072
371174
371275
371377
371479
371582
371685
371786
371887
371988
372090
372192
372294
372396
372497
372599
372700
372801
372904
373006
373106
373208
373310
373412
373513
373615
373717
373819
373920
374021
374122
374224
374325
374427
374529
374629
374731
374831
374932
375034
375135
375237
375338
375439
375542
375643
375744
375845
375948
376048
376151
376254
376355
376456
376557
376663
376771
376872
376973
377075
377177
377280
377381
377482
377583
377685
377785
377886
377988
378091
378193
378294
378395
378498
378600
378702
378804
378906
379007
379108
379209
379311
379412
379514
379615
379715
379817
379917
380018
380118
380221
380323
380426
380526
380629
380730
380832
380934
381036
381137
381238
381339
381440
381543
381645
381747
381849
381950
382050
382152
382252
382354
382456
382558
382662
382768
382869
382971
383071
383173
383273
383376
383477
383579
383680
383781
383881
383982
384085
384186
384287
384389
384490
384592
384693
384795
384897
384997
385099
385200
385301
385402
385503
385604
385706
385809
385909
386010
386111
386213
386315
386417
386519
386620
386721
386822
386924
387026
387127
387228
387330
387431
387533
387634
387735
387836
387937
388037
388140
388241
388343
388445
388547
388648
388750
388851
388952
389054
389156
389259
389360
389461
389563
389665
389765
389866
389966
390067
390171
390273
390373
390476
390577
390678
390780
390881
390983
391084
391186
391287
391388
391493
391595
391697
391798
391899
392000
392101
392205
392307
392408
392510
392611
392712
392814
392916
393016
393118
393221
393322
393424
393526
393628
393729
393831
393931
394033
394134
394234
394336
394438
394540
394641
394741
394843
394945
395046
395147
395249
395350
395451
395552
395660
395761
395862
395963
396064
396164
396268
396370
396471
396572
396673
396775
396877
396979
397079
397181
397281
397382
397484
397585
397687
397788
397890
397991
398093
398195
398296
398397
398498
398599
398700
398801
398903
399006
399108
399209
399309
399411
399512
399615
399716
399819
399921
400023
400124
400224
400325
400427
400528
400630
400731
400832
400933
401035
401137
401237
401338
401440
401541
401642
401744
401845
401946
402047
402147
402251
402353
402455
402556
402657
402761
402861
402963
403063
403167
403266
403368
403470
403571
403672
403773
403875
403976
404078
404180
404281
404382
404483
404585
404686
404788
404890
404992
405094
405196
405297
405399
405501
405602
405703
405804
405905
406007
406107
406211
406313
406414
406516
406618
406719
406820
406921
407023
407126
407227
407329
407431
407533
407634
407736
407836
407937
408038
408140
408241
408343
408445
408545
408647
408749
408850
408951
409052
409154
409256
409358
409459
409560
409661
409762
409864
409965
410066
410168
410269
410370
410471
410573
410675
410776
410876
410978
411080
411182
411284
411385
411486
411587
411689
411790
411891
411991
412093
412196
412299
412399
412500
412601
412702
412803
412906
413007
413108
413209
413311
413413
413514
413615
413717
413818
413920
414021
414123
414225
414326
414427
414528
414631
414732
414834
414936
415037
415139
415242
415344
415445
415546
415650
415752
415853
415954
416055
416158
416261
416363
416466
416567
416668
416769
416870
416972
417074
417176
417278
417380
417482
417582
417684
417785
417886
417987
418090
418193
418294
418397
418498
418599
418700
418800
418902
419005
419106
419208
419310
419411
419513
419615
419716
419817
419918
420019
420122
420222
420323
420425
420526
420627
420729
420831
420932
421034
421136
421236
421338
421439
421540
421641
421742
421843
421945
422045
422147
422249
422350
422451
422552
422653
422754
422856
422958
423059
423161
423261
423364
423466
423566
423668
423769
423870
423972
424072
424175
424276
424378
424481
424582
424684
424785
424886
424988
425090
425191
425293
425394
425495
425596
425698
425800
425901
426002
426103
426205
426306
426406
426508
426609
426711
426813
426914
427016
427117
427218
427321
427421
427523
427625
427726
427827
427929
428030
428131
428233
428334
428436
428537
428638
428739
428841
428942
429043
429145
429247
429347
429448
429550
429652
429753
429853
429955
430056
430158
430260
430361
430463
430565
430666
430770
430869
430971
431072
431173
431275
431377
431478
431580
431681
431783
431883
431985
432086
432187
432289
432390
432491
432591
432693
432794
432895
432999
433103
433202
433304
433406
433507
433612
433713
433816
433916
434019
434121
434222
434323
434425
434527
434629
434730
434831
434932
435033
435134
435237
435338
435439
435541
435648
435749
435851
435952
436055
436156
436257
436361
436462
436564
436666
436766
436868
436969
437071
437173
437274
437375
437476
437578
437679
437782
437884
437985
438086
438188
438288
438391
438491
438592
438693
438795
438897
438997
439099
439201
439302
439404
439506
439609
439712
439813
439915
440016
440117
440219
440322
440424
440526
440628
440730
440832
440933
441034
441136
441237
441337
441439
441540
441645
441747
441849
441951
442053
442154
442255
442357
442458
442561
442663
442763
442865
442967
443068
443169
443270
443372
443474
443575
443676
443778
443879
443981
444082
444184
444286
444387
444488
444590
444692
444793
444894
444994
445097
445198
445300
445401
445504
445605
445706
445807
445909
446010
446111
446213
446314
446417
446518
446621
446723
446825
446926
447027
447129
447230
447332
447433
447535
447636
447745
447846
447948
448050
448152
448254
448356
448458
448559
448660
448762
448862
448965
449067
449168
449269
449371
449472
449574
449675
449775
449877
449979
450080
450181
450282
450384
450485
450586
450688
450789
450891
450991
451092
451193
451295
451396
451497
451598
451700
451802
451903
452004
452106
452208
452310
452411
452512
452613
452716
452817
452918
453021
453121
453222
453324
453426
453529
453630
453731
453834
453936
454038
454139
454241
454343
454444
454544
454646
454747
454849
454951
455052
455154
455255
455356
455458
455559
455661
455762
455863
455966
456068
456170
456272
456374
456477
456580
456681
456782
456884
456986
457086
457188
457289
457391
457491
457592
457694
457795
457897
457998
458101
458202
458304
458405
458506
458608
458709
458810
458910
459012
459113
459215
459317
459419
459520
459621
459723
459825
459927
460028
460130
460230
460333
460436
460538
460638
460740
460841
460942
461043
461144
461246
461348
461450
461552
461653
461753
461855
461956
462059
462160
462261
462363
462464
462565
462666
462767
462869
462970
463072
463173
463275
463377
463479
463580
463682
463784
463886
463987
464088
464189
464291
464392
464493
464595
464697
464799
464900
465003
465104
465206
465308
465409
465510
465611
465713
465813
465914
466015
466116
466220
466321
466423
466524
466626
466727
466829
466930
467034
467136
467237
467338
467440
467541
467643
467744
467846
467947
468049
468150
468251
468353
468455
468556
468659
468761
468861
468962
469065
469166
469269
469369
469471
469573
469675
469777
469878
469980
470081
470183
470285
470387
470489
470591
470694
470796
470898
471001
471103
471204
471306
471406
471507
471609
471711
471812
471913
472014
472116
472218
472321
472421
472523
472624
472726
472828
472929
473032
473133
473234
473336
473438
473539
473639
473741
473843
473945
474046
474148
474250
474351
474452
474552
474654
474756
474857
474959
475059
475161
475263
475364
475466
475568
475670
475771
475873
475975
476076
476176
476278
476380
476481
476582
476684
476785
476888
476988
477089
477191
477293
477394
477495
477598
477700
477803
477904
478006
478108
478210
478311
478413
478515
478617
478718
478820
478922
479024
479126
479228
479328
479430
479531
479632
479735
479836
479939
480039
480141
480242
480343
480445
480546
480648
480749
480850
480951
481053
481154
481255
481357
481458
481559
481661
481763
481864
481966
482066
482168
482269
482371
482473
482574
482675
482776
482878
482980
483080
483182
483282
483384
483484
483585
483686
483786
483888
483990
484090
484191
484292
484393
484495
484597
484699
484801
484901
485003
485104
485206
485306
485409
485511
485611
485712
485814
485915
486016
486117
486218
486319
486421
486523
486628
486732
486834
486934
487035
487137
487237
487339
487440
487542
487644
487745
487847
487949
488050
488152
488253
488355
488456
488560
488661
488762
488864
488965
489066
489167
489269
489370
489471
489572
489675
489776
489878
489980
490081
490183
490284
490386
490486
490588
490689
490791
490893
490994
491095
491196
491298
491399
491501
491603
491704
491805
491906
492008
492109
492210
492312
492413
492515
492616
492716
492817
492918
493020
493121
493222
493323
493425
493526
493628
493731
493832
493933
494035
494136
494238
494341
494443
494545
494646
494748
494849
494950
495052
495154
495256
495356
495459
495559
495661
495761
495862
495963
496066
496165
496268
496373
496473
496575
496676
496777
496877
496979
497080
497181
497283
497384
497486
497587
497689
497791
497892
497994
498095
498196
498298
498400
498503
498604
498705
498806
498907
499008
499109
499211
499312
499413
499516
499618
499719
499819
499920
500023
500125
500226
500328
500431
500533
500634
500736
500837
500938
501040
501141
501242
501344
501445
501548
501649
501750
501851
501952
502054
502156
502257
502359
502460
502561
502661
502762
502863
502964
503066
503167
503269
503371
503472
503574
503675
503777
503878
503981
504081
504183
504285
504387
504489
504591
504691
504793
504894
504996
505098
505199
505300
505401
505504
505605
505706
505807
505907
506009
506110
506211
506312
506414
506515
506616
506718
506819
506921
507022
507125
507226
507327
507428
507529
507630
507731
507832
507934
508036
508136
508238
508340
508442
508543
508644
508746
508849
508950
509052
509154
509256
509357
509458
509559
509662
509763
509865
509968
510069
510171
510272
510374
510475
510577
510678
510780
510881
510982
511083
511184
511286
511387
511489
511591
511692
511795
511896
511998
512099
512201
512302
512404
512506
512608
512710
512813
512914
513015
513117
513220
513320
513422
513523
513625
513727
513829
513930
514033
514133
514235
514337
514439
514541
514643
514743
514845
514946
515048
515149
515251
515353
515454
515555
515657
515758
515859
515961
516062
516163
516264
516365
516466
516568
516668
516771
516872
516974
517075
517176
517277
517379
517481
517581
517682
517784
517885
517989
518090
518190
518292
518394
518495
518598
518700
518802
518904
519005
519106
519209
519310
519412
519513
519614
519723
519825
519926
520027
520129
520231
520332
520434
520536
520638
520739
520841
520942
521042
521143
521244
521346
521449
521551
521651
521752
521853
521955
522057
522160
522261
522363
522465
522566
522667
522769
522870
522973
523075
523176
523277
523380
523480
523582
523683
523785
523887
523989
524089
524191
524293
524394
524495
524596
524697
524798
524900
525001
525101
525203
525306
525407
525509
525611
525712
525814
525915
526016
526117
526219
526320
526421
526521
526623
526724
526826
526927
527027
527129
527231
527332
527434
527536
527638
527739
527839
527941
528044
528145
528246
528348
528449
528550
528652
528753
528855
528955
529057
529159
529260
529362
529463
529564
529665
529767
529868
529970
530071
530172
530274
530376
530477
530578
530681
530781
530882
530985
531086
531189
531291
531392
531495
531596
531697
531799
531899
532000
532102
532203
532304
532406
532508
532610
532717
532819
532920
533021
533122
533224
533325
533426
533528
533629
533731
533831
533933
534035
534136
534237
534339
534441
534543
534644
534746
534846
534948
535048
535151
535252
535353
535454
535555
535656
535757
535859
535961
536061
536162
536263
536365
536467
536568
536671
536772
536874
536976
537077
537179
537280
537382
537484
537586
537687
537790
537891
537991
538094
538196
538298
538400
538502
538604
538705
538806
538908
539010
539111
539212
539313
539417
539517
539619
539720
539821
539921
540023
540125
540226
540327
540429
540529
540631
540733
540834
540936
541038
541140
541241
541344
541446
541547
541648
541750
541852
541955
542057
542160
542261
542362
542464
542565
542665
542767
542869
542971
543072
543174
543276
543377
543478
543580
543683
543783
543883
543985
544087
544188
544291
544392
544493
544595
544697
544798
544899
545001
545104
545205
545307
545409
545511
545612
545713
545815
545916
546017
546119
546220
546321
546423
546524
546624
546726
546829
546931
547031
547132
547234
547337
547439
547540
547643
547744
547845
547948
548051
548153
548254
548355
548457
548559
548661
548763
548863
548965
549066
549167
549270
549372
549473
549575
549676
549776
549877
549980
550082
550183
550283
550385
550487
550589
550691
550793
550893
550995
551097
551199
551301
551402
551503
551604
551709
551810
551910
552013
552114
552215
552317
552418
552520
552621
552723
552825
552926
553028
553129
553231
553332
553433
553535
553636
553738
553851
553937
554036
554139
554241
554344
554446
554546
554648
554747
554851
554952
555054
555155
555256
555357
555458
555560
555660
555762
555862
555963
556063
556163
556265
556366
556467
556568
556670
556770
556871
556971
557072
557172
557273
557373
557474
557574
557674
557775
557876
557976
558077
558178
558279
558379
558480
558580
558681
558781
558882
558982
559083
559184
559285
559385
559486
559586
559687
559787
559888
559989
560089
560191
560291
560392
560492
560592
560693
560793
560894
560994
561095
561195
561296
561397
561497
561597
561698
561799
561900
562001
562103
562204
562304
562404
562505
562606
562706
562807
562906
563008
563109
563210
563311
563414
563515
563616
563716
563817
563917
564017
564118
564219
564320
564421
564521
564622
564723
564823
564924
565024
565125
565226
565326
565428
565530
565632
565734
565835
565936
566038
566140
566243
566345
566446
566547
566649
566751
566853
566954
567056
567158
567260
567361
567462
567564
567666
567768
567869
567971
568073
568174
568275
568377
568478
568579
568681
568783
568884
568986
569087
569189
569291
569393
569495
569597
569698
569799
569900
570002
570103
570205
570306
570408
570509
570611
570712
570814
570915
571016
571118
571219
571321
571423
571524
571627
571728
571829
571931
572032
572133
572235
572336
572439
572540
572641
572742
572843
572945
573046
573148
573250
573352
573453
573554
573655
573756
573858
573959
574060
574162
574264
574365
574466
574566
574668
574770
574871
574972
575073
575175
575277
575379
575480
575581
575682
575785
575887
575989
576090
576192
576294
576396
576498
576600
576701
576802
576904
577005
577107
577208
577310
577412
577514
577616
577717
577819
577921
578022
578124
578225
578327
578429
578530
578631
578732
578834
578936
579038
579140
579241
579343
579446
579547
579648
579749
579851
579953
580054
580156
580258
580359
580461
580562
580663
580764
580866
580966
581068
581169
581271
581373
581473
581574
581676
581777
581878
581979
582081
582183
582284
582385
582488
582596
582698
582800
582901
583002
583104
583206
583307
583408
583509
583611
583712
583813
583915
584017
584118
584220
584321
584421
584523
584625
584727
584829
584930
585032
585133
585235
585336
585437
585540
585640
585741
585842
585946
586048
586150
586251
586353
586454
586555
586656
586757
586858
586960
587062
587165
587267
587369
587471
587571
587673
587773
587874
587976
588078
588179
588281
588382
588484
588586
588687
588788
588890
588991
589092
589194
589295
589397
589499
589602
589703
589804
589904
590006
590107
590208
590309
590410
590511
590613
590714
590815
590916
591017
591119
591221
591324
591425
591526
591628
591731
591833
591934
592036
592138
592239
592341
592443
592544
592646
592747
592850
592951
593053
593155
593256
593357
593459
593561
593661
593764
593865
593966
594067
594169
594270
594371
594474
594576
594676
594779
594880
594981
595081
595182
595283
595385
595487
595591
595694
595795
595897
595998
596099
596200
596301
596404
596506
596606
596708
596809
596910
597012
597113
597215
597316
597417
597518
597619
597720
597821
597923
598025
598125
598227
598329
598430
598532
598634
598736
598838
598939
599041
599141
599243
599344
599446
599547
599649
599749
599851
599953
600054
600157
600260
600362
600463
600565
600666
600767
600870
600971
601072
601173
601275
601376
601477
601579
601679
601780
601882
601984
602085
602187
602289
602390
602491
602592
602693
602794
602896
602996
603098
603201
603302
603403
603505
603606
603709
603809
603912
604013
604115
604218
604319
604421
604522
604624
604726
604828
604929
605031
605132
605233
605335
605435
605537
605638
605740
605841
605943
606044
606145
606246
606347
606448
606550
606651
606752
606854
606955
607057
607157
607260
607361
607464
607565
607666
607768
607871
607973
608075
608176
608277
608378
608480
608584
608689
608790
608891
608991
609093
609195
609296
609397
609498
609599
609700
609802
609903
610005
610105
610206
610308
610408
610511
610613
610716
610817
610918
611019
611120
611222
611323
611425
611526
611628
611730
611831
611932
612034
612135
612236
612338
612439
612539
612640
612741
612842
612944
613045
613146
613248
613349
613451
613552
613655
613756
613858
613960
614061
614162
614264
614365
614466
614568
614670
614773
614875
614976
615077
615180
615282
615383
615485
615586
615686
615789
615890
615992
616094
616195
616296
616397
616499
616600
616701
616803
616904
617006
617106
617209
617310
617411
617513
617615
617716
617817
617918
618019
618121
618223
618325
618426
618527
618628
618729
618830
618933
619035
619136
619237
619339
619440
619541
619643
619745
619846
619949
620051
620152
620253
620354
620455
620557
620659
620760
620861
620963
621064
621165
621267
621368
621470
621571
621673
621773
621875
621978
622079
622180
622281
622382
622484
622585
622686
622788
622889
622991
623091
623193
623294
623396
623498
623600
623702
623803
623904
624006
624108
624209
624311
624413
624515
624615
624717
624818
624920
625022
625124
625226
625327
625429
625530
625632
625734
625836
625937
626038
626140
626241
626342
626444
626546
626648
626749
626851
626952
627053
627156
627257
627358
627460
627561
627663
627764
627865
627967
628069
628171
628273
628374
628475
628575
628682
628783
628884
628985
629086
629188
629290
629392
629494
629596
629696
629797
629899
630000
630102
630204
630307
630408
630509
630611
630712
630814
630915
631017
631119
631221
631322
631425
631526
631628
631729
631830
631933
632034
632136
632236
632337
632439
632540
632641
632743
632845
632946
633047
633150
633251
633353
633455
633556
633656
633757
633859
633960
634061
634162
634264
634365
634468
634569
634671
634771
634874
634975
635077
635178
635279
635381
635482
635583
635686
635787
635888
635990
636091
636194
636296
636398
636500
636601
636703
636806
636907
637009
637111
637212
637313
637414
637516
637618
637720
637822
637924
638027
638128
638230
638331
638433
638535
638636
638737
638838
638939
639041
639142
639243
639344
639445
639547
639647
639748
639849
639951
640053
640155
640256
640357
640458
640559
640661
640762
640864
640966
641067
641170
641271
641373
641474
641577
641678
641780
641881
641981
642083
642185
642287
642388
642489
642591
642693
642795
642898
643000
643101
643202
643304
643405
643506
643607
643709
643811
643913
644014
644116
644217
644318
644420
644521
644622
644725
644827
644928
645030
645131
645233
645334
645436
645537
645639
645741
645845
645947
646049
646150
646251
646354
646456
646558
646659
646760
646861
646962
647064
647166
647267
647368
647470
647575
647680
647781
647883
647984
648085
648186
648288
648389
648491
648593
648695
648797
648899
649001
649102
649204
649305
649406
649509
649611
649711
649812
649914
650016
650117
650219
650321
650421
650522
650624
650725
650827
650928
651029
651131
651233
651334
651436
651538
651640
651741
651841
651943
652045
652148
652250
652351
652452
652553
652655
652757
652858
652960
653061
653162
653263
653365
653466
653568
653674
653775
653876
653977
654079
654180
654282
654384
654485
654587
654688
654789
654891
654993
655095
655196
655297
655398
655499
655600
655701
655804
655905
656006
656108
656209
656311
656413
656515
656616
656718
656819
656920
657022
657123
657226
657328
657431
657533
657634
657735
657836
657938
658040
658141
658242
658343
658446
658547
658647
658749
658851
658952
659055
659156
659257
659359
659460
659561
659663
659764
659865
659966
660069
660170
660272
660373
660475
660576
660677
660779
660880
660981
661082
661184
661285
661387
661489
661591
661694
661796
661897
661999
662100
662201
662302
662404
662506
662607
662708
662810
662911
663013
663114
663214
663316
663418
663519
663620
663721
663823
663924
664026
664127
664228
664329
664430
664531
664633
664735
664836
664937
665038
665140
665242
665344
665445
665547
665649
665749
665851
665954
666056
666156
666259
666360
666461
666563
666664
666766
666868
666969
667071
667172
667273
667374
667477
667579
667680
667782
667883
667985
668086
668188
668290
668392
668494
668595
668696
668796
668898
668999
669100
669202
669303
669405
669506
669608
669710
669812
669913
670016
670117
670220
670321
670424
670525
670626
670729
670830
670933
671034
671136
671238
671341
671442
671543
671645
671745
671846
671949
672050
672152
672253
672355
672456
672558
672659
672762
672864
672965
673067
673168
673269
673371
673472
673573
673675
673776
673878
673979
674080
674181
674283
674385
674487
674588
674689
674791
674892
674993
675094
675196
675297
675399
675500
675602
675702
675803
675905
676006
676108
676210
676311
676413
676515
676616
676717
676819
676920
677021
677122
677223
677324
677426
677528
677629
677731
677835
677936
678037
678138
678240
678342
678444
678545
678645
678746
678848
678950
679051
679153
679255
679356
679458
679565
679667
679768
679871
679972
680074
680175
680276
680377
680478
680581
680682
680783
680886
680987
681089
681191
681291
681393
681495
681597
681698
681799
681902
682004
682105
682207
682308
682408
682509
682611
682712
682814
682917
683017
683119
683221
683323
683424
683526
683627
683729
683830
683933
684036
684138
684239
684340
684443
684545
684646
684748
684850
684952
685054
685155
685256
685358
685459
685561
685662
685762
685864
685966
686068
686169
686271
686372
686474
686577
686679
686780
686881
686982
687084
687186
687288
687389
687491
687592
687694
687795
687897
687998
688100
688201
688303
688404
688506
688608
688709
688810
688911
689013
689113
689215
689316
689417
689519
689620
689720
689821
689924
690026
690128
690230
690331
690432
690534
690636
690737
690839
690939
691041
691142
691244
691346
691447
691549
691650
691751
691853
691954
692057
692158
692259
692360
692461
692561
692662
692763
692867
692969
693069
693171
693272
693373
693474
693576
693677
693779
693881
693983
694084
694186
694286
694388
694489
694591
694691
694792
694895
694996
695097
695199
695301
695403
695504
695606
695707
695810
695911
696014
696115
696216
696317
696419
696521
696622
696724
696825
696927
697028
697131
697232
697335
697436
697538
697639
697741
697842
697944
698046
698148
698249
698351
698453
698559
698661
698764
698864
698965
699067
699168
699269
699370
699471
699572
699673
699775
699876
699978
700081
700183
700285
700387
700488
700590
700693
700794
700895
700996
701097
701198
701300
701402
701504
701605
701706
701809
701910
702012
702113
702215
702316
702418
702519
702621
702721
702822
702926
703027
703129
703231
703333
703436
703537
703637
703740
703841
703943
704043
704145
704246
704347
704449
704551
704656
704758
704860
704961
705063
705166
705268
705369
705470
705572
705673
705776
705878
705979
706080
706181
706282
706384
706486
706588
706689
706790
706891
706993
707096
707197
707298
707399
707501
707603
707704
707804
707907
708008
708110
708210
708312
708414
708516
708619
708721
708822
708924
709027
709128
709230
709331
709432
709534
709635
709736
709837
709940
710041
710143
710247
710348
710449
710556
710657
710758
710860
710961
711063
711164
711265
711367
711469
711571
711672
711773
711875
711976
712076
712179
712281
712382
712484
712586
712687
712789
712890
712992
713093
713194
713296
713399
713501
713603
713705
713808
713909
714010
714112
714213
714314
714416
714517
714618
714720
714821
714922
715025
715126
715229
715330
715432
715533
715635
715735
715836
715938
716038
716140
716242
716344
716446
716546
716653
716755
716855
716957
717059
717160
717261
717362
717463
717564
717665
717767
717868
717970
718071
718174
718276
718377
718477
718579
718681
718782
718883
718985
719086
719187
719289
719390
719492
719593
719694
719795
719897
719999
720100
720201
720303
720405
720506
720607
720708
720811
720913
721014
721116
721217
721317
721419
721520
721621
721722
721823
721926
722027
722130
722232
722334
722434
722536
722638
722739
722840
722943
723044
723145
723246
723347
723449
723552
723653
723755
723856
723958
724059
724162
724264
724366
724468
724570
724671
724773
724875
724976
725078
725179
725281
725382
725484
725586
725687
725790
725891
725993
726095
726196
726298
726399
726502
726603
726704
726806
726907
727008
727110
727211
727313
727414
727515
727616
727718
727819
727921
728023
728125
728226
728328
728430
728531
728632
728733
728834
728937
729038
729139
729241
729341
729443
729546
729650
729751
729854
729956
730056
730158
730259
730361
730464
730565
730666
730767
730869
730971
731072
731172
731274
731376
731477
731579
731682
731783
731885
731986
732088
732190
732291
732392
732494
732595
732698
732800
732901
733002
733103
733205
733306
733408
733509
733611
733712
733813
733916
734016
734117
734219
734320
734421
734524
734625
734726
734827
734929
735031
735132
735234
735336
735439
735541
735650
735752
735853
735955
736056
736158
736260
736361
736463
736564
736665
736766
736868
736970
737072
737174
737276
737378
737479
737581
737682
737785
737887
737989
738090
738191
738294
738396
738498
738598
738700
738801
738903
739005
739106
739207
739310
739411
739514
739615
739716
739818
739920
740021
740122
740224
740323
740425
740526
740627
740728
740830
740931
741033
741135
741236
741337
741439
741546
741647
741748
741850
741952
742053
742154
742256
742358
742459
742560
742661
742762
742865
742966
743068
743170
743271
743374
743475
743576
743676
743776
743879
743980
744081
744183
744284
744386
744488
744590
744691
744792
744895
744996
745098
745200
745302
745403
745504
745606
745707
745808
745910
746012
746114
746216
746317
746418
746520
746621
746723
746824
746926
747028
747130
747231
747332
747433
747536
747637
747738
747839
747940
748041
748143
748244
748346
748447
748548
748651
748752
748854
748954
749056
749157
749259
749361
749461
749563
749663
749764
749866
749967
750069
750171
750273
750374
750476
750577
750679
750780
750881
750983
751085
751186
751287
751387
751489
751590
751691
751792
751895
751996
752097
752199
752300
752401
752504
752606
752708
752809
752911
753014
753115
753217
753319
753421
753522
753624
753725
753828
753929
754031
754133
754235
754336
754437
754541
754644
754746
754848
754949
755050
755151
755254
755356
755456
755558
755659
755761
755861
755962
756063
756165
756266
756368
756469
756571
756671
756773
756874
756975
757076
757178
757280
757381
757484
757586
757688
757789
757891
757992
758093
758194
758296
758397
758499
758600
758702
758804
758905
759007
759109
759209
759311
759412
759513
759615
759716
759818
759921
760022
760124
760226
760327
760429
760531
760632
760732
760835
760937
761038
761139
761241
761343
761445
761547
761648
761751
761853
761955
762056
762157
762258
762361
762463
762565
762666
762767
762868
762970
763071
763172
763273
763375
763476
763577
763679
763781
763882
763984
764084
764186
764286
764388
764489
764591
764692
764793
764895
764996
765097
765198
765300
765401
765503
765604
765706
765808
765909
766011
766113
766214
766316
766416
766518
766619
766721
766823
766924
767026
767127
767228
767329
767430
767531
767638
767740
767841
767943
768045
768146
768248
768349
768451
768552
768653
768755
768857
768959
769060
769162
769265
769367
769468
769569
769670
769772
769875
769976
770077
770180
770281
770383
770484
770585
770686
770788
770889
770991
771092
771195
771296
771398
771500
771602
771704
771806
771907
772009
772111
772213
772315
772416
772518
772620
772722
772824
772925
773026
773128
773230
773330
773432
773536
773637
773739
773841
773943
774045
774146
774248
774351
774453
774555
774656
774758
774860
774961
775063
775164
775266
775366
775468
775569
775670
775771
775872
775974
776075
776177
776279
776380
776481
776583
776685
776786
776889
776991
777091
777193
777294
777396
777497
777598
777700
777802
777903
778005
778106
778207
778309
778411
778514
778616
778717
778819
778921
779022
779123
779225
779325
779427
779531
779632
779733
779835
779935
780037
780139
780242
780343
780444
780545
780647
780748
780849
780951
781051
781153
781254
781355
781456
781557
781659
781761
781862
781965
782066
782168
782270
782372
782474
782574
782676
782777
782878
782981
783082
783183
783285
783386
783488
783589
783691
783791
783893
783994
784097
784199
784300
784402
784504
784605
784707
784808
784910
785012
785113
785215
785315
785417
785518
785620
785720
785821
785923
786024
786126
786227
786328
786429
786531
786633
786735
786836
786938
787039
787141
787243
787345
787446
787548
787649
787750
787853
787955
788055
788157
788259
788362
788462
788564
788666
788768
788870
788972
789073
789174
789276
789377
789479
789580
789681
789782
789883
789983
790085
790186
790287
790389
790491
790593
790694
790795
790897
790999
791101
791203
791304
791407
791509
791611
791714
791815
791916
792017
792118
792220
792321
792422
792523
792624
792725
792827
792928
793029
793130
793231
793332
793434
793536
793636
793737
793837
793941
794042
794143
794245
794346
794448
794549
794660
794758
794858
794960
795061
795164
795263
795366
795467
795568
795669
795770
795873
795976
796077
796179
796279
796380
796481
796582
796683
796785
796885
796986
797088
797189
797292
797393
797494
797596
797697
797798
797901
798002
798104
798205
798306
798408
798508
798610
798711
798813
798915
799016
799118
799219
799321
799422
799526
799627
799728
799831
799932
800033
800135
800237
800338
800440
800540
800642
800743
800846
800949
801051
801152
801254
801355
801457
801558
801659
801761
801863
801965
802067
802168
802269
802371
802473
802576
802677
802779
802882
802982
803084
803185
803286
803386
803489
803589
803691
803792
803894
803995
804097
804198
804299
804401
804503
804604
804704
804806
804907
805008
805110
805213
805313
805417
805517
805619
805722
805825
805926
806027
806128
806229
806331
806431
806534
806635
806737
806838
806940
807042
807143
807246
807348
807450
807551
807652
807752
807855
807956
808058
808159
808260
808363
808463
808565
808667
808768
808869
808971
809073
809175
809276
809377
809478
809580
809680
809781
809883
809986
810086
810188
810291
810392
810494
810595
810697
810799
810901
811002
811105
811206
811308
811410
811511
811612
811714
811816
811920
812021
812122
812224
812326
812427
812527
812630
812731
812832
812933
813034
813135
813238
813337
813439
813541
813641
813743
813845
813947
814048
814151
814253
814356
814457
814559
814661
814762
814864
814965
815068
815168
815269
815370
815472
815574
815676
815777
815878
815979
816081
816182
816284
816385
816486
816587
816688
816789
816891
816992
817093
817194
817296
817398
817499
817600
817701
817804
817905
818007
818107
818209
818310
818411
818513
818614
818716
818818
818919
819020
819121
819223
819325
819426
819528
819629
819731
819833
819934
820036
820138
820240
820340
820442
820543
820646
820746
820849
820950
821051
821153
821255
821356
821456
821557
821659
821761
821864
821965
822066
822167
822268
822370
822471
822573
822674
822776
822878
822980
823083
823185
823287
823388
823490
823592
823694
823795
823898
824000
824101
824202
824304
824406
824507
824608
824710
824812
824913
825015
825117
825219
825320
825422
825524
825625
825731
825827
825929
826030
826132
826233
826334
826436
826537
826638
826739
826841
826943
827044
827146
827246
827349
827451
827552
827652
827755
827856
827957
828060
828162
828262
828364
828465
828566
828669
828771
828871
828973
829074
829176
829277
829379
829481
829584
829686
829788
829889
829991
830092
830194
830295
830395
830497
830599
830701
830803
830905
831006
831107
831209
831309
831411
831515
831621
831722
831823
831924
832026
832127
832228
832329
832431
832532
832633
832735
832835
832936
833037
833139
833240
833341
833443
833544
833645
833747
833848
833950
834052
834154
834256
834356
834457
834558
834661
834762
834863
834963
835066
835168
835268
835370
835471
835572
835674
835775
835877
835978
836080
836182
836283
836384
836485
836586
836688
836789
836890
836991
837092
837194
837294
837396
837497
837599
837700
837803
837904
838006
838107
838209
838311
838413
838515
838617
838718
838819
838921
839022
839124
839225
839327
839429
839530
839631
839732
839834
839936
840037
840139
840241
840342
840444
840545
840645
840748
840849
840951
841053
841155
841258
841359
841462
841564
841665
841767
841868
841970
842072
842173
842275
842376
842477
842579
842681
842782
842884
842985
843087
843189
843291
843392
843493
843594
843696
843797
843899
843999
844101
844201
844304
844405
844507
844609
844710
844812
844912
845014
845115
845217
845318
845421
845523
845625
845726
845828
845929
846031
846133
846234
846335
846436
846538
846640
846742
846844
846945
847047
847148
847250
847352
847453
847555
847656
847757
847860
847961
848063
848163
848265
848366
848468
848569
848670
848770
848871
848971
849073
849176
849277
849378
849479
849581
849682
849783
849884
849985
850087
850188
850289
850390
850492
850594
850694
850796
850898
850999
851100
851202
851303
851405
851511
851613
851713
851814
851916
852018
852119
852221
852324
852424
852525
852626
852728
852829
852930
853031
853133
853235
853337
853438
853539
853640
853741
853843
853945
854046
854148
854250
854353
854455
854556
854657
854758
854860
854962
855063
855166
855267
855367
855469
855570
855671
855772
855875
855977
856078
856180
856283
856385
856486
856587
856689
856792
856894
856996
857097
857199
857300
857401
857503
857610
857712
857814
857915
858016
858117
858219
858321
858423
858524
858625
858727
858828
858929
859031
859132
859234
859336
859438
859540
859641
859745
859846
859947
860048
860150
860253
860355
860457
860560
860662
860764
860866
860968
861069
861171
861273
861374
861476
861577
861679
861782
861884
861986
862088
862189
862290
862391
862493
862594
862694
862796
862898
862999
863099
863201
863303
863405
863507
863609
863710
863812
863913
864014
864115
864218
864319
864421
864522
864623
864725
864827
864929
865030
865133
865235
865336
865439
865540
865641
865743
865845
865946
866047
866149
866250
866352
866453
866554
866656
866758
866861
866961
867063
867165
867267
867369
867471
867573
867675
867776
867877
867979
868080
868182
868283
868384
868485
868588
868690
868791
868893
868994
869095
869196
869297
869399
869503
869606
869706
869807
869909
870011
870112
870214
870315
870416
870517
870618
870720
870821
870922
871024
871125
871226
871328
871430
871531
871633
871735
871836
871938
872038
872140
872241
872342
872443
872545
872648
872750
872852
872954
873056
873157
873260
873363
873464
873566
873667
873768
873870
873972
874073
874174
874275
874376
874478
874579
874680
874782
874884
874986
875087
875189
875291
875392
875494
875596
875697
875799
875901
876002
876104
876206
876308
876409
876510
876612
876714
876816
876916
877018
877119
877221
877322
877424
877525
877626
877727
877830
877931
878035
878136
878239
878339
878441
878542
878644
878745
878846
878947
879049
879149
879250
879351
879453
879555
879655
879757
879858
879961
880061
880163
880265
880366
880468
880570
880670
880772
880873
880975
881077
881179
881280
881381
881483
881585
881687
881787
881889
881991
882092
882193
882294
882396
882497
882602
882704
882805
882906
883008
883110
883213
883316
883417
883519
883619
883721
883821
883923
884024
884125
884227
884329
884431
884534
884635
884736
884838
884939
885041
885143
885244
885346
885449
885550
885651
885752
885853
885954
886056
886157
886259
886361
886460
886562
886663
886765
886867
886968
887068
887171
887271
887373
887475
887576
887677
887779
887879
887981
888081
888184
888285
888388
888490
888592
888692
888795
888896
888996
889098
889199
889301
889403
889505
889607
889707
889809
889911
890012
890114
890215
890317
890417
890519
890621
890722
890823
890925
891026
891127
891229
891330
891431
891533
891634
891735
891838
891940
892041
892143
892244
892346
892449
892551
892652
892753
892855
892959
893061
893161
893263
893364
893466
893566
893668
893770
893872
893973
894075
894176
894278
894380
894481
894582
894684
894786
894888
894989
895090
895192
895293
895396
895496
895598
895698
895800
895902
896004
896106
896207
896308
896409
896511
896613
896715
896816
896918
897019
897120
897222
897323
897425
897526
897626
897727
897829
897930
898033
898134
898234
898337
898439
898541
898642
898742
898844
898945
899046
899148
899251
899352
899454
899556
899656
899758
899860
899961
900063
900164
900266
900367
900467
900568
900670
900770
900872
900974
901075
901176
901277
901380
901481
901583
901684
901784
901887
901988
902089
902190
902291
902392
902494
902596
902698
902798
902900
903001
903102
903203
903305
903406
903509
903610
903712
903813
903914
904017
904119
904220
904322
904424
904526
904626
904728
904830
904931
905032
905134
905235
905336
905438
905539
905641
905742
905843
905944
906046
906148
906250
906352
906453
906554
906655
906757
906859
906959
907061
907162
907265
907366
907468
907569
907670
907771
907872
907974
908076
908177
908279
908380
908481
908583
908685
908786
908887
908988
909089
909191
909292
909394
909495
909596
909697
909800
909901
910003
910104
910207
910309
910410
910512
910613
910715
910816
910917
911019
911120
911221
911322
911424
911526
911627
911729
911831
911932
912033
912134
912236
912339
912441
912543
912644
912744
912846
912949
913050
913152
913253
913355
913456
913557
913659
913760
913862
913964
914066
914167
914269
914370
914471
914572
914673
914775
914876
914978
915079
915181
915281
915382
915483
915585
915687
915789
915890
915991
916092
916193
916294
916396
916497
916598
916701
916803
916904
917006
917107
917210
917311
917412
917514
917615
917716
917819
917920
918022
918124
918225
918326
918429
918530
918633
918734
918835
918936
919037
919138
919241
919342
919442
919543
919644
919744
919846
919948
920050
920150
920252
920354
920455
920556
920659
920761
920862
920964
921066
921166
921269
921370
921472
921574
921674
921776
921878
921981
922083
922184
922285
922387
922489
922590
922691
922792
922893
922995
923097
923198
923299
923400
923502
923603
923706
923808
923911
924013
924113
924216
924317
924418
924520
924623
924726
924827
924928
925029
925131
925232
925333
925435
925536
925637
925738
925840
925942
926044
926145
926247
926349
926451
926552
926655
926755
926857
926959
927061
927162
927264
927365
927466
927568
927670
927771
927872
927974
928075
928177
928280
928382
928484
928589
928690
928792
928893
928994
929095
929197
929298
929399
929501
929603
929705
929806
929907
930009
930110
930212
930314
930416
930517
930618
930720
930821
930922
931024
931125
931227
931328
931429
931531
931632
931734
931836
931938
932039
932141
932244
932345
932447
932549
932651
932751
932853
932955
933056
933157
933259
933361
933463
933564
933665
933766
933869
933971
934073
934175
934276
934378
934479
934579
934682
934784
934886
934986
935088
935189
935289
935391
935493
935594
935696
935797
935899
936000
936102
936203
936304
936405
936507
936610
936711
936813
936914
937017
937118
937221
937322
937424
937524
937625
937726
937829
937931
938032
938133
938235
938336
938437
938539
938640
938741
938843
938944
939044
939146
939246
939348
939449
939550
939651
939752
939853
939954
940056
940156
940258
940360
940462
940563
940665
940767
940868
940970
941071
941174
941275
941377
941483
941584
941685
941786
941888
941989
942090
942191
942294
942395
942497
942599
942701
942803
942904
943005
943107
943208
943310
943412
943513
943614
943717
943819
943921
944023
944125
944227
944328
944431
944532
944634
944736
944837
944938
945039
945140
945242
945344
945446
945547
945648
945749
945852
945953
946055
946155
946256
946357
946459
946561
946662
946764
946866
946967
947068
947171
947273
947373
947475
947583
947685
947787
947888
947989
948091
948192
948294
948396
948496
948598
948698
948799
948901
949003
949105
949206
949308
949409
949511
949611
949713
949816
949917
950019
950120
950222
950323
950425
950526
950628
950730
950831
950932
951034
951136
951238
951339
951440
951541
951642
951743
951847
951947
952049
952151
952252
952354
952455
952557
952658
952759
952861
952962
953063
953164
953266
953366
953467
953568
953669
953771
953872
953974
954076
954177
954280
954382
954483
954585
954686
954788
954889
954991
955092
955193
955295
955396
955499
955599
955701
955803
955904
956006
956108
956211
956312
956413
956515
956616
956718
956819
956921
957022
957123
957225
957325
957427
957529
957631
957732
957834
957936
958037
958138
958240
958341
958442
958544
958645
958747
958848
958950
959053
959153
959255
959356
959456
959558
959659
959760
959861
959963
960064
960166
960268
960369
960476
960579
960680
960781
960883
960984
961085
961187
961287
961390
961490
961592
961694
961796
961897
961999
962100
962201
962302
962403
962506
962607
962708
962810
962911
963013
963115
963217
963318
963420
963521
963623
963724
963824
963926
964028
964130
964231
964333
964436
964537
964639
964740
964842
964944
965045
965147
965248
965350
965450
965552
965654
965756
965859
965962
966064
966165
966267
966368
966473
966576
966677
966777
966879
966981
967082
967184
967286
967387
967489
967590
967691
967792
967893
967995
968097
968197
968299
968401
968502
968604
968706
968806
968909
969010
969111
969214
969316
969417
969518
969620
969721
969822
969923
970026
970126
970228
970329
970432
970533
970636
970737
970839
970940
971042
971143
971245
971346
971449
971550
971652
971754
971856
971958
972060
972161
972262
972363
972464
972566
972668
972769
972871
972972
973074
973175
973278
973379
973481
973583
973684
973786
973887
973990
974091
974192
974293
974395
974496
974597
974699
974801
974903
975005
975107
975209
975310
975412
975514
975616
975717
975819
975921
976022
976124
976226
976327
976429
976531
976632
976734
976835
976936
977037
977139
977241
977342
977444
977546
977646
977747
977850
977951
978053
978155
978257
978359
978460
978561
978663
978764
978866
978968
979069
979170
979270
979372
979473
979574
979676
979777
979878
979980
980082
980183
980285
980386
980487
980589
980691
980793
980894
980996
981096
981198
981299
981402
981504
981606
981706
981808
981910
982011
982113
982215
982316
982416
982518
982621
982721
982823
982924
983026
983127
983229
983330
983432
983533
983634
983735
983836
983938
984039
984140
984241
984342
984443
984544
984646
984746
984848
984950
985051
985153
985253
985355
985456
985559
985660
985762
985863
985964
986065
986167
986270
986371
986472
986574
986675
986778
986879
986980
987081
987183
987284
987385
987486
987587
987689
987791
987892
987994
988095
988197
988298
988399
988501
988602
988704
988806
988906
989008
989109
989210
989311
989413
989515
989616
989718
989819
989921
990023
990124
990225
990327
990428
990530
990631
990733
990834
990935
991037
991139
991241
991342
991443
991544
991645
991747
991850
991951
992053
992153
992256
992357
992458
992560
992662
992762
992864
992966
993067
993168
993270
993371
993473
993574
993676
993777
993879
993981
994081
994183
994284
994386
994487
994588
994690
994793
994894
994996
995098
995199
995300
995401
995502
995604
995706
995808
995910
996011
996113
996215
996316
996418
996519
996620
996722
996823
996924
997025
997126
997228
997328
997430
997531
997633
997734
997835
997936
998038
998140
998241
998343
998444
998545
998646
998748
998850
998951
999053
999154
999255
999357
999456
999558
999659
999760
999864
999966
1000066
1000169
1000270
1000373
1000476
1000577
1000678
1000781
1000883
1000984
1001085
1001187
1001289
1001391
1001492
1001593
1001695
1001796
1001897
1001998
1002100
1002202
1002303
1002405
1002506
1002607
1002708
1002810
1002912
1003015
1003117
1003218
1003319
1003421
1003523
1003624
1003725
1003826
1003929
1004031
1004132
1004234
1004336
1004438
1004539
1004639
1004740
1004842
1004943
1005045
1005146
1005248
1005350
1005452
1005553
1005654
1005756
1005858
1005960
1006062
1006165
1006266
1006367
1006469
1006570
1006671
1006772
1006873
1006974
1007076
1007178
1007279
1007381
1007481
1007582
1007683
1007784
1007885
1007987
1008088
1008189
1008291
1008393
1008496
1008595
1008695
1008798
1008900
1009002
1009105
1009206
1009308
1009409
1009511
1009612
1009713
1009815
1009917
1010018
1010119
1010220
1010320
1010422
1010523
1010624
1010726
1010827
1010928
1011029
1011131
1011233
1011334
1011436
1011537
1011638
1011739
1011842
1011943
1012044
1012145
1012247
1012348
1012450
1012551
1012653
1012755
1012856
1012959
1013061
1013162
1013265
1013367
1013468
1013568
1013670
1013771
1013873
1013975
1014076
1014177
1014279
1014381
1014482
1014585
1014686
1014788
1014889
1014992
1015094
1015195
1015297
1015398
1015500
1015601
1015702
1015805
1015907
1016007
1016109
1016210
1016311
1016413
1016514
1016615
1016716
1016819
1016921
1017022
1017123
1017225
1017326
1017427
1017528
1017629
1017729
1017831
1017934
1018034
1018136
1018237
1018339
1018441
1018542
1018643
1018744
1018848
1018949
1019051
1019153
1019255
1019356
1019457
1019559
1019661
1019763
1019866
1019968
1020069
1020170
1020272
1020373
1020476
1020578
1020679
1020781
1020882
1020984
1021086
1021187
1021289
1021390
1021491
1021592
1021693
1021794
1021897
1021999
1022100
1022202
1022302
1022404
1022505
1022606
1022708
1022810
1022912
1023015
1023116
1023218
1023320
