28011
28015
28030
28032
28045
28045
28056
28062
28071
28075
28090
28092
28097
28097
28108
28122
28123
28135
28142
28144
28149
28157
28168
28174
28183
28187
28194
28204
28217
28225
28228
28242
28243
28255
28262
28272
28285
28285
28296
28302
28311
28315
28330
28340
28345
28353
28356
28370
28371
28383
28398
28400
28405
28405
28416
28422
28431
28443
28458
28460
28465
28473
28476
28490
28499
28511
28518
28520
28533
28533
28544
28550
28559
28563
28570
28580
28585
28593
28596
28610
28611
28615
28630
28640
28653
28653
28664
28670
28671
28683
28698
28708
28713
28721
28724
28730
28731
28743
28758
28760
28773
28773
28776
28782
28791
28803
28810
28820
28833
28841
28844
28850
28859
28871
28886
28888
28893
28893
28904
28910
28919
28931
28946
28948
28953
28961
28964
28978
28979
28991
28998
29000
29013
29013
29024
29030
29039
29043
29050
29060
29073
29081
29084
29098
29099
29111
29118
29128
29141
29141
29152
29158
29167
29171
29186
29196
29201
29209
29212
29218
29227
29239
29254
29256
29269
29269
29272
29286
29295
29307
29314
29324
29329
29329
29340
29354
29363
29367
29382
29384
29389
29389
29400
29414
29415
29427
29434
29436
29449
29457
29468
29474
29483
29487
29502
29512
29525
29525
29536
29542
29551
29555
29570
29580
29585
29585
29588
29602
29603
29615
29622
29632
29637
29637
29640
29654
29663
29667
29682
29684
29697
29697
29708
29722
29723
29735
29750
29760
29765
29765
29776
29782
29791
29803
29810
29812
29817
29825
29828
29842
29843
29855
29862
29864
29869
29877
29888
29894
29903
29907
29922
29924
29937
29945
29948
29962
29963
29975
29982
29992
30005
30005
30016
30022
30031
30035
30050
30060
30065
30065
30068
30082
30083
30095
30102
30112
30117
30117
30128
30142
30151
30155
30170
30172
30177
30185
30188
30202
30203
30215
30222
30224
30237
30237
30248
30254
30263
30267
30274
30284
30297
30305
30308
30322
30323
30327
30342
30352
30365
30365
30368
30374
30383
30387
30402
30412
30417
30417
30420
30434
30435
30447
30462
30464
30477
30477
30488
30494
30503
30515
30522
30524
30529
30537
30540
30554
30563
30567
30574
30576
30589
30589
30600
30614
30623
30635
30642
30652
30657
30665
30668
30682
30691
30695
30702
30704
30717
30717
30728
30742
30743
30747
30754
30764
30769
30777
30788
30802
30803
30815
30822
30832
30845
30845
30856
30862
30871
30875
30890
30900
30905
30913
30916
30930
30931
30943
30958
30960
30965
30965
30976
30982
30991
30995
31010
31012
31017
31025
31028
31042
31043
31055
31062
31064
31077
31077
31088
31094
31103
31107
31114
31116
31129
31137
31140
31146
31147
31159
31166
31176
31189
31189
31200
31206
31215
31219
31234
31236
31249
31249
31252
31266
31275
31287
31294
31304
31309
31317
31320
31334
31343
31347
31354
31356
31369
31369
31380
31394
31403
31407
31414
31424
31429
31437
31440
31454
31455
31459
31466
31476
31489
31489
31500
31514
31523
31527
31534
31544
31549
31557
31560
31574
31575
31579
31594
31596
31609
31609
31620
31626
31627
31639
31654
31664
31669
31677
31680
31686
31687
31699
31714
31716
31729
31729
31732
31738
31747
31759
31766
31768
31773
31781
31784
31798
31799
31811
31818
31820
31833
31833
31844
31850
31859
31863
31870
31880
31893
31901
31904
31918
31919
31931
31938
31948
31961
31969
31972
31978
31987
31991
32006
32008
32021
32021
32024
32038
32047
32059
32066
32076
32081
32081
32092
32106
32115
32119
32134
32136
32141
32141
32152
32166
32167
32179
32186
32196
32201
32209
32220
32226
32235
32239
32254
32256
32269
32277
32280
32294
32295
32307
32314
32324
32337
32337
32340
32346
32355
32359
32374
32376
32389
32397
32400
32414
32415
32419
32434
32444
32457
32457
32468
32474
32483
32487
32502
32512
32517
32525
32528
32542
32543
32555
32562
32572
32577
32577
32580
32594
32603
32615
32622
32624
32637
32637
32648
32654
32663
32667
32674
32684
32689
32697
32700
32714
32715
32719
32734
32744
32757
32757
32768
32774
32775
32787
32794
32804
32809
32817
32820
32826
32835
32847
32862
32864
32877
32877
32880
32886
32895
32907
32922
32924
32929
32937
32940
32954
32955
32967
32974
32976
32989
32989
33000
33006
33015
33019
33026
33036
33049
33057
33060
33074
33075
33087
33094
33104
33117
33125
33128
33134
33143
33155
33170
33172
33185
33185
33196
33202
33211
33223
33230
33240
33245
33253
33256
33270
33279
33283
33298
33300
33313
33313
33316
33330
33339
33351
33358
33368
33373
33381
33384
33398
33399
33411
33418
33428
33441
33449
33452
33466
33467
33479
33486
33496
33501
33509
33512
33526
33527
33539
33546
33556
33561
33561
33572
33578
33587
33591
33606
33608
33613
33621
33632
33646
33647
33651
33658
33668
33681
33689
33692
33706
33707
33719
33726
33736
33741
33749
33752
33766
33767
33779
33786
33796
33801
33801
33804
33818
33827
33831
33846
33848
33861
33861
33872
33878
33887
33891
33906
33908
33921
33929
33932
33938
33939
33951
33958
33968
33981
33981
33992
33998
34007
34011
34026
34036
34041
34041
34044
34058
34059
34071
34086
34096
34101
34101
34112
34118
34127
34131
34146
34156
34169
34169
34172
34186
34195
34207
34222
34224
34229
34237
34248
34262
34263
34275
34282
34292
34305
34313
34316
34322
34323
34335
34350
34360
34365
34373
34376
34390
34391
34403
34410
34420
34425
34425
34436
34442
34451
34455
34470
34472
34477
34485
34496
34510
34519
34523
34538
34540
34553
34561
34564
34578
34579
34583
34590
34600
34605
34613
34616
34630
34631
34643
34650
34660
34665
34673
34676
34690
34691
34703
34710
34720
34725
34733
34736
34750
34751
34763
34770
34780
34793
34801
34804
34810
34819
34823
34838
34840
34853
34853
34856
34870
34871
34883
34898
34900
34905
34905
34916
34930
34939
34951
34958
34960
34973
34973
34984
34998
34999
35011
35018
35020
35025
35033
35036
35050
35051
35055
35062
35072
35077
35085
35088
35094
35095
35107
35114
35124
35129
35129
35132
35146
35147
35159
35166
35176
35181
35181
35192
35206
35215
35219
35226
35228
35241
35241
35252
35258
35267
35271
35278
35288
35293
35301
35304
35318
35319
35331
35338
35348
35353
35361
35364
35378
35379
35391
35398
35408
35413
35421
35424
35438
35447
35459
35466
35468
35473
35481
35492
35498
35507
35511
35526
35528
35541
35541
35552
35558
35559
35571
35578
35588
35593
35601
35604
35610
35619
35623
35638
35640
35653
35653
35656
35670
35679
35691
35698
35708
35713
35713
35716
35730
35739
35743
35758
35760
35765
35773
35776
35790
35791
35803
35818
35820
35833
35833
35836
35850
35851
35863
35870
35880
35885
35885
35888
35902
35911
35915
35922
35924
35937
35937
35948
35954
35955
35959
35974
35984
35997
35997
36008
36014
36023
36035
36050
36052
36057
36057
36068
36074
36083
36087
36102
36104
36117
36125
36136
36150
36151
36163
36170
36180
36185
36193
36196
36210
36211
36223
36230
36240
36245
36245
36256
36262
36271
36283
36298
36300
36305
36313
36316
36330
36331
36343
36350
36352
36365
36365
36376
36382
36391
36395
36402
36412
36417
36425
36436
36442
36443
36447
36462
36464
36477
36485
36488
36494
36495
36507
36514
36524
36537
36545
36548
36554
36563
36575
36590
36592
36605
36605
36616
36622
36631
36643
36650
36660
36673
36681
36684
36690
36699
36703
36718
36720
36733
36733
36736
36750
36751
36763
36770
36780
36785
36785
36796
36810
36819
36823
36838
36840
36845
36853
36864
36878
36879
36891
36898
36900
36905
36913
36924
36930
36939
36943
36958
36960
36973
36981
36984
36998
36999
37011
37018
37028
37033
37041
37044
37050
37059
37071
37086
37088
37101
37101
37112
37118
37127
37139
37154
37156
37161
37169
37172
37186
37187
37199
37206
37216
37221
37229
37240
37246
37255
37259
37274
37276
37289
37297
37300
37314
37315
37327
37334
37344
37357
37365
37368
37374
37383
37387
37402
37412
37425
37425
37428
37434
37443
37455
37462
37472
37477
37485
37488
37502
37511
37515
37530
37532
37537
37537
37548
37562
37563
37575
37582
37592
37597
37597
37600
37614
37623
37627
37642
37644
37657
37657
37668
37682
37683
37687
37694
37704
37709
37717
37720
37734
37735
37739
37754
37756
37769
37769
37780
37786
37787
37799
37814
37824
37829
37837
37840
37846
37855
37867
37882
37884
37897
37897
37908
37914
37923
37935
37942
37952
37957
37965
37968
37982
37983
37995
38002
38004
38017
38017
38028
38034
38043
38047
38054
38064
38069
38077
38080
38094
38095
38099
38114
38116
38129
38129
38140
38146
38147
38159
38166
38176
38181
38189
38192
38198
38207
38219
38234
38236
38249
38249
38252
38258
38267
38279
38286
38296
38301
38309
38312
38326
38335
38339
38354
38356
38369
38369
38380
38394
38395
38407
38414
38424
38429
38437
38448
38454
38463
38467
38482
38484
38489
38497
38508
38522
38523
38535
38542
38544
38557
38557
38568
38574
38583
38587
38594
38604
38617
38625
38628
38642
38643
38647
38662
38672
38685
38685
38696
38702
38703
38715
38722
38732
38737
38745
38748
38754
38763
38767
38782
38784
38797
38797
38800
38814
38815
38827
38834
38844
38849
38857
38860
38874
38875
38887
38894
38896
38909
38909
38920
38926
38935
38939
38946
38956
38969
38977
38980
38994
38995
38999
39006
39016
39029
39029
39040
39046
39055
39059
39074
39084
39089
39097
39100
39114
39115
39127
39142
39144
39149
39149
39160
39166
39175
39187
39202
39204
39209
39217
39220
39234
39235
39247
39254
39256
39269
39269
39280
39294
39295
39299
39306
39316
39321
39329
39340
39354
39363
39367
39382
39384
39389
39397
39400
39414
39415
39427
39434
39436
39441
39449
39460
39466
39475
39479
39486
39488
39501
39509
39512
39526
39527
39539
39546
39556
39569
39569
39580
39586
39595
39599
39614
39624
39629
39637
39640
39654
39655
39667
39682
39684
39697
39697
39708
39714
39723
39735
39742
39744
39749
39757
39760
39774
39783
39795
39802
39804
39817
39817
39828
39834
39843
39847
39854
39864
39869
39877
39880
39894
39895
39899
39906
39916
39929
39929
39940
39946
39955
39959
39974
39984
39989
39997
40000
40014
40015
40027
40042
40044
40057
40057
40068
40074
40083
40095
40102
40112
40117
40125
40128
40142
40151
40163
40170
40172
40185
40185
40196
40210
40219
40223
40230
40240
40245
40253
40256
40270
40279
40291
40298
40300
40313
40321
40332
40338
40347
40351
40366
40376
40389
40389
40400
40406
40415
40419
40434
40444
40449
40457
40460
40466
40467
40479
40494
40496
40501
40501
40512
40518
40527
40539
40554
40556
40561
40569
40572
40586
40587
40599
40606
40616
40621
40629
40640
40646
40655
40659
40666
40668
40681
40689
40692
40706
40707
40719
40734
40744
40749
40757
40760
40766
40767
40779
40794
40796
40809
40809
40812
40818
40827
40839
40846
40856
40861
40869
40872
40886
40895
40899
40914
40916
40921
40921
40932
40946
40947
40959
40966
40976
40981
40989
41000
41006
41007
41011
41026
41028
41041
41049
41052
41058
41059
41071
41086
41096
41101
41109
41112
41126
41127
41139
41154
41156
41169
41169
41180
41186
41187
41199
41206
41216
41221
41229
41232
41238
41247
41259
41274
41276
41289
41289
41300
41306
41315
41319
41334
41336
41341
41349
41352
41366
41375
41387
41394
41396
41409
41409
41420
41426
41435
41439
41446
41456
41461
41469
41472
41486
41487
41491
41506
41508
41521
41521
41532
41538
41539
41551
41558
41568
41573
41581
41584
41590
41599
41603
41618
41628
41641
41641
41644
41658
41659
41671
41678
41688
41693
41693
41704
41718
41727
41731
41746
41748
41761
41761
41772
41786
41787
41799
41806
41816
41821
41829
41840
41846
41847
41851
41866
41868
41881
41889
41900
41906
41907
41919
41926
41936
41941
41949
41952
41958
41967
41971
41986
41988
42001
42001
42004
42018
42019
42031
42038
42048
42061
42061
42072
42078
42087
42091
42106
42116
42121
42129
42132
42146
42147
42159
42174
42176
42189
42189
42200
42206
42215
42227
42234
42244
42249
42249
42260
42266
42275
42287
42294
42296
42301
42309
42312
42326
42335
42339
42354
42356
42369
42369
42380
42394
42395
42407
42414
42416
42421
42429
42440
42446
42455
42459
42466
42476
42481
42489
42492
42506
42507
42511
42526
42528
42541
42549
42552
42566
42567
42579
42586
42596
42609
42609
42620
42626
42635
42639
42654
42664
42669
42677
42680
42694
42695
42707
42722
42732
42737
42737
42748
42754
42763
42775
42782
42784
42789
42797
42800
42814
42823
42827
42834
42836
42849
42849
42860
42874
42875
42879
42886
42896
42901
42909
42920
42934
42935
42939
42954
42964
42977
42985
42996
43002
43011
43015
43030
43032
43045
43053
43056
43070
43071
43083
43090
43100
43113
43113
43124
43130
43139
43143
43158
43168
43173
43181
43184
43198
43199
43211
43226
43228
43233
43233
43244
43250
43259
43271
43278
43288
43293
43301
43304
43318
43327
43331
43346
43348
43353
43353
43364
43378
43379
43391
43398
43400
43405
43413
43424
43430
43439
43443
43450
43452
43465
43473
43476
43490
43491
43503
43510
43520
43533
43533
43544
43550
43551
43555
43570
43580
43585
43593
43596
43602
43611
43623
43638
43640
43653
43653
43656
43670
43671
43683
43698
43700
43705
43705
43716
43722
43731
43735
43750
43752
43757
43765
43768
43782
43791
43803
43810
43812
43825
43825
43836
43850
43851
43855
43862
43872
43877
43885
43896
43902
43911
43923
43930
43932
43937
43945
43948
43962
43971
43975
43990
43992
43997
43997
44008
44022
44023
44035
44042
44044
44049
44057
44068
44074
44083
44087
44094
44104
44109
44117
44120
44134
44135
44139
44154
44156
44169
44169
44180
44186
44187
44199
44206
44216
44221
44229
44232
44238
44247
44251
44266
44268
44281
44281
44284
44298
44307
44319
44326
44336
44341
44341
44352
44358
44367
44371
44386
44388
44393
44401
44404
44418
44427
44431
44446
44448
44461
44461
44472
44486
44487
44499
44506
44508
44513
44521
44532
44538
44547
44551
44558
44568
44573
44581
44584
44598
44599
44603
44618
44620
44633
44641
44644
44658
44659
44671
44678
44688
44701
44701
44712
44718
44719
44723
44738
44748
44753
44761
44764
44770
44779
44791
44806
44808
44821
44829
44832
44846
44847
44859
44866
44876
44889
44889
44900
44906
44915
44919
44934
44944
44949
44957
44960
44966
44967
44979
44994
44996
45009
45009
45012
45026
45035
45047
45054
45064
45069
45069
45072
45086
45095
45099
45114
45116
45121
45129
45140
45154
45155
45167
45174
45176
45189
45189
45200
45206
45215
45219
45226
45236
45241
45249
45260
45266
45267
45271
45286
45288
45301
45309
45312
45326
45327
45339
45346
45356
45369
45369
45380
45386
45387
45391
45406
45416
45421
45429
45432
45438
45447
45451
45466
45468
45481
45481
45484
45498
45499
45511
45526
45528
45533
45533
45544
45550
45559
45571
45578
45588
45593
45601
45604
45618
45627
45631
45646
45648
45653
45661
45664
45678
45679
45691
45698
45700
45713
45713
45724
45738
45747
45759
45766
45776
45781
45781
45792
45806
45815
45819
45834
45836
45841
45849
45852
45866
45875
45887
45894
45896
45909
45909
45920
45934
45935
45947
45954
45956
45969
45969
45980
45994
45995
46007
46014
46024
46029
46037
46048
46054
46063
46067
46074
46084
46089
46097
46108
46114
46123
46127
46142
46144
46157
46165
46168
46182
46183
46187
46194
46204
46217
46217
46228
46234
46243
46247
46262
46272
46277
46285
46288
46302
46303
46315
46330
46332
46345
46345
46348
46362
46371
46383
46390
46400
46405
46405
46416
46422
46431
46443
46450
46452
46457
46465
46468
46482
46491
46495
46510
46512
46517
46525
46536
46550
46551
46563
46570
46572
46577
46585
46596
46602
46611
46615
46622
46624
46637
46645
46648
46662
46663
46667
46674
46684
46697
46697
46708
46722
46731
46735
46742
46752
46757
46765
46776
46790
46791
46795
46810
46812
46825
46833
46836
46842
46843
46855
46862
46872
46885
46885
46888
46894
46903
46907
46922
46932
46937
46945
46948
46962
46963
46975
46990
46992
47005
47005
47008
47022
47023
47035
47042
47052
47057
47057
47068
47074
47083
47087
47102
47104
47109
47117
47120
47134
47143
47147
47154
47156
47169
47169
47180
47194
47203
47207
47214
47216
47229
47229
47240
47246
47247
47259
47274
47284
47289
47297
47300
47306
47315
47327
47342
47344
47357
47357
47360
47374
47375
47387
47394
47404
47409
47409
47420
47426
47435
47447
47454
47464
47469
47477
47480
47494
47503
47507
47522
47524
47529
47537
47540
47554
47555
47567
47574
47576
47589
47589
47600
47606
47615
47627
47634
47644
47649
47649
47660
47666
47675
47687
47694
47704
47709
47717
47720
47734
47743
47747
47762
47764
47769
47777
47780
47794
47795
47807
47814
47816
47829
47829
47840
47854
47855
47859
47866
47876
47881
47889
47892
47906
47907
47911
47918
47928
47941
47941
47952
47958
47959
47971
47986
47996
48001
48001
48004
48018
48027
48039
48054
48056
48069
48069
48080
48086
48095
48099
48114
48116
48129
48137
48140
48154
48155
48159
48166
48176
48189
48189
48200
48206
48207
48219
48226
48236
48241
48249
48252
48266
48267
48279
48294
48296
48309
48309
48312
48326
48327
48339
48346
48356
48361
48369
48372
48386
48395
48399
48414
48416
48421
48421
48432
48446
48447
48459
48466
48468
48481
48481
48492
48506
48507
48519
48526
48536
48541
48541
48552
48566
48575
48579
48594
48596
48601
48609
48612
48626
48627
48639
48646
48656
48661
48669
48680
48686
48695
48699
48714
48716
48729
48737
48748
48754
48755
48767
48774
48784
48789
48797
48800
48806
48815
48819
48834
48844
48849
48857
48860
48874
48875
48887
48902
48904
48917
48917
48928
48934
48943
48955
48962
48964
48969
48977
48980
48994
49003
49015
49022
49024
49037
49037
49048
49054
49063
49067
49074
49084
49097
49105
49108
49122
49123
49127
49134
49144
49157
49157
49168
49174
49175
49179
49194
49204
49209
49217
49220
49234
49235
49247
49262
49272
49277
49277
49280
49294
49303
49307
49322
49324
49337
49337
49348
49362
49363
49367
49374
49384
49389
49397
49408
49414
49423
49427
49442
49444
49457
49457
49468
49482
49491
49495
49502
49504
49517
49525
49528
49542
49543
49555
49562
49572
49585
49585
49588
49594
49603
49607
49622
49624
49637
49637
49648
49654
49663
49675
49682
49684
49689
49697
49700
49714
49715
49727
49734
49736
49749
49749
49760
49766
49775
49779
49786
49796
49801
49809
49812
49826
49827
49831
49846
49848
49861
49861
49872
49878
49879
49891
49906
49916
49921
49929
49932
49946
49947
49959
49974
49976
49981
49981
49992
49998
50007
50011
50026
50028
50033
50041
50052
50066
50067
50079
50086
50088
50093
50101
50112
50118
50119
50123
50138
50140
50153
50153
50164
50170
50171
50183
50198
50208
50213
50221
50224
50230
50231
50243
50258
50268
50281
50281
50292
50298
50307
50311
50326
50336
50341
50349
50352
50366
50367
50379
50394
50396
50409
50409
50420
50426
50435
50447
50454
50456
50461
50469
50472
50486
50495
50499
50506
50508
50521
50521
50532
50538
50547
50551
50558
50568
50573
50581
50584
50590
50591
50603
50618
50628
50633
50641
50644
50650
50659
50671
50686
50688
50701
50701
50704
50710
50719
50731
50738
50748
50753
50753
50756
50770
50779
50783
50798
50800
50813
50813
50824
50838
50839
50851
50858
50868
50873
50881
50892
50898
50899
50903
50918
50920
50933
50941
50944
50950
50951
50963
50970
50980
50993
51001
51004
51010
51019
51031
51046
51048
51061
51061
51072
51078
51087
51091
51106
51108
51113
51121
51132
51146
51147
51159
51174
51176
51189
51189
51200
51206
51215
51227
51242
51244
51249
51257
51260
51274
51275
51287
51294
51304
51309
51317
51320
51334
51335
51347
51354
51364
51369
51377
51380
51386
51395
51399
51414
51416
51429
51429
51432
51446
51447
51459
51466
51476
51481
51481
51492
51506
51515
51519
51534
51536
51541
51541
51552
51566
51575
51579
51586
51596
51601
51609
51612
51626
51627
51631
51646
51656
51669
51669
51680
51686
51687
51691
51706
51716
51721
51729
51732
51746
51747
51759
51774
51776
51789
51789
51800
51806
51815
51827
51842
51844
51849
51857
51860
51874
51883
51895
51902
51904
51917
51917
51928
51934
51943
51947
51954
51964
51969
51977
51988
51994
51995
51999
52014
52016
52029
52029
52040
52054
52055
52059
52066
52076
52081
52089
52100
52106
52107
52111
52126
52128
52141
52141
52152
52158
52159
52171
52186
52196
52201
52209
52212
52226
52227
52239
52246
52256
52261
52269
52272
52286
52295
52299
52314
52316
52329
52329
52340
52354
52355
52367
52374
52384
52389
52397
52408
52414
52423
52427
52442
52444
52457
52465
52468
52474
52475
52487
52494
52504
52509
52517
52520
52526
52535
52547
52562
52564
52577
52577
52580
52594
52603
52615
52622
52632
52637
52645
52648
52662
52671
52683
52690
52692
52705
52705
52716
52730
52739
52743
52750
52752
52765
52773
52776
52782
52783
52787
52802
52812
52817
52825
52828
52842
52843
52855
52862
52872
52877
52877
52888
52894
52903
52907
52922
52932
52937
52945
52948
52962
52963
52975
52990
53000
53005
53005
53016
53022
53031
53035
53050
53052
53065
53065
53076
53082
53091
53095
53102
53112
53117
53125
53128
53142
53143
53147
53162
53164
53177
53177
53188
53194
53195
53207
53214
53224
53229
53237
53240
53246
53255
53259
53274
53276
53289
53289
53300
53306
53315
53327
53334
53336
53341
53349
53352
53366
53375
53379
53394
53396
53409
53409
53420
53426
53435
53439
53454
53456
53469
53469
53480
53486
53487
53499
53506
53516
53521
53529
53532
53546
53547
53559
53566
53576
53581
53589
53592
53606
53607
53619
53626
53628
53641
53641
53652
53658
53667
53671
53678
53680
53693
53701
53704
53718
53719
53731
53738
53740
53753
53753
53764
53778
53787
53791
53798
53808
53813
53821
53824
53838
53839
53843
53850
53860
53873
53873
53884
53890
53891
53903
53918
53928
53933
53941
53944
53958
53959
53971
53986
53988
54001
54001
54012
54018
54027
54039
54046
54048
54053
54061
54064
54078
54087
54099
54106
54108
54121
54121
54132
54146
54155
54159
54166
54176
54181
54189
54192
54206
54207
54211
54226
54236
54249
54249
54260
54266
54275
54279
54294
54304
54309
54317
54320
54334
54343
54355
54362
54372
54377
54385
54388
54402
54411
54415
54430
54432
54445
54445
54456
54470
54479
54483
54490
54500
54505
54513
54524
54530
54531
54535
54550
54552
54565
54573
54576
54590
54591
54603
54610
54620
54625
54633
54636
54650
54651
54655
54662
54672
54677
54685
54688
54702
54703
54715
54730
54732
54737
54737
54748
54754
54763
54767
54782
54784
54789
54797
54800
54814
54815
54827
54834
54836
54849
54857
54868
54874
54883
54887
54894
54904
54917
54925
54928
54942
54943
54947
54962
54972
54985
54985
54996
55002
55011
55015
55030
55040
55045
55045
55048
55062
55063
55075
55090
55092
55105
55105
55116
55122
55131
55143
55150
55160
55165
55173
55176
55190
55199
55203
55218
55220
55225
55233
55236
55250
55251
55263
55270
55272
55285
55285
55296
55302
55311
55315
55322
55332
55345
55353
55356
55370
55371
55375
55390
55392
55405
55405
55416
55422
55423
55435
55442
55452
55457
55465
55468
55474
55475
55487
55502
55504
55517
55517
55528
55534
55535
55547
55554
55564
55569
55577
55580
55586
55595
55607
55622
55624
55637
55637
55640
55654
55663
55675
55682
55692
55697
55705
55708
55722
55731
55743
55750
55752
55765
55765
55776
55782
55791
55795
55802
55812
55817
55825
55828
55842
55843
55847
55862
55864
55877
55877
55888
55894
55895
55907
55922
55932
55937
55945
55948
55962
55963
55975
55990
55992
56005
56005
56016
56022
56031
56043
56050
56060
56065
56073
56076
56090
56099
56103
56118
56120
56125
56125
56136
56142
56151
56155
56162
56164
56177
56185
56196
56202
56203
56215
56230
56240
56245
56253
56256
56262
56263
56275
56290
56292
56297
56297
56308
56314
56323
56327
56342
56344
56349
56357
56360
56374
56375
56387
56394
56404
56409
56409
56420
56426
56435
56447
56454
56456
56461
56469
56472
56486
56495
56499
56506
56508
56521
56521
56532
56538
56547
56551
56558
56568
56581
56589
56592
56606
56607
56619
56626
56636
56649
56649
56660
56666
56675
56679
56694
56704
56717
56717
56720
56734
56735
56747
56762
56772
56777
56777
56788
56794
56803
56807
56822
56824
56837
56837
56848
56862
56863
56875
56882
56884
56889
56897
56908
56914
56915
56919
56934
56936
56949
56957
56960
56974
56975
56987
57002
57012
57017
57025
57028
57034
57043
57047
57062
57064
57077
57077
57080
57094
57103
57115
57122
57132
57137
57145
57148
57162
57171
57175
57190
57192
57205
57205
57216
57230
57231
57235
57242
57252
57257
57265
57276
57290
57291
57295
57310
57312
57317
57317
57328
57342
57343
57355
57362
57364
57369
57377
57388
57394
57395
57399
57414
57416
57429
57429
57440
57446
57447
57459
57474
57484
57489
57497
57500
57514
57515
57527
57542
57544
57557
57557
57568
57574
57583
57595
57602
57612
57617
57625
57628
57642
57651
57655
57662
57664
57677
57677
57688
57694
57703
57707
57714
57724
57729
57737
57740
57754
57755
57759
57774
57776
57789
57789
57800
57806
57807
57811
57826
57836
57841
57849
57852
57866
57867
57879
57894
57896
57909
57909
57920
57926
57935
57947
57954
57964
57969
57969
57972
57986
57995
57999
58014
58016
58029
58029
58040
58054
58055
58067
58074
58084
58089
58097
58108
58122
58123
58127
58142
58144
58157
58165
58176
58182
58183
58195
58202
58204
58217
58225
58236
58242
58251
58255
58262
58272
58285
58293
58304
58310
58319
58323
58338
58340
58345
58345
58348
58362
58371
58383
58390
58392
58405
58405
58416
58422
58431
58435
58442
58444
58457
58465
58468
58482
58483
58487
58494
58504
58517
58517
58528
58534
58543
58547
58562
58572
58577
58585
58588
58602
58603
58615
58630
58640
58645
58645
58656
58662
58671
58675
58690
58692
58697
58705
58716
58730
58731
58743
58750
58760
58765
58773
58784
58790
58799
58803
58818
58820
58833
58841
58852
58858
58859
58871
58878
58888
58901
58901
58904
58910
58919
58923
58938
58948
58953
58953
58956
58970
58971
58983
58998
59000
59005
59005
59016
59022
59031
59043
59058
59060
59065
59073
59076
59090
59091
59103
59118
59120
59133
59133
59144
59150
59159
59171
59178
59180
59185
59193
59196
59210
59219
59231
59238
59240
59253
59253
59264
59278
59287
59291
59298
59308
59313
59321
59324
59338
59339
59343
59350
59360
59373
59373
59384
59390
59399
59403
59418
59428
59441
59441
59444
59458
59467
59479
59486
59496
59501
59501
59504
59518
59527
59531
59546
59548
59553
59561
59572
59586
59587
59599
59606
59616
59621
59629
59640
59646
59655
59659
59674
59676
59689
59697
59700
59714
59715
59727
59734
59744
59757
59757
59768
59774
59783
59787
59802
59812
59817
59825
59828
59842
59843
59855
59870
59880
59885
59885
59896
59902
59911
59923
59938
59940
59945
59953
59964
59978
59979
59983
59990
60000
60005
60013
60016
60030
60039
60043
60058
60060
60073
60073
60084
60098
60099
60111
60118
60128
60133
60141
60152
60166
60167
60171
60186
60188
60201
60209
60220
60226
60227
60239
60246
60256
60261
60269
60272
60278
60287
60299
60314
60316
60321
60329
60332
60346
60355
60367
60374
60376
60389
60389
60400
60406
60415
60419
60426
60436
60449
60457
60460
60474
60475
60479
60486
60496
60509
60509
60520
60526
60527
60539
60546
60556
60561
60569
60572
60578
60587
60591
60606
60608
60621
60621
60624
60638
60639
60651
60658
60668
60673
60681
60684
60698
60707
60711
60726
60728
60741
60741
60752
60766
60767
60771
60778
60788
60793
60801
60812
60818
60827
60831
60846
60848
60861
60869
60872
60878
60879
60891
60898
60900
60913
60913
60924
60930
60939
60943
60950
60960
60965
60973
60976
60990
60991
60995
61010
61020
61033
61033
61036
61042
61051
61055
61070
61080
61093
61093
61096
61110
61111
61123
61130
61140
61145
61153
61156
61170
61171
61183
61190
61192
61205
61205
61216
61222
61231
61235
61242
61252
61265
61273
61276
61290
61291
61303
61310
61320
61333
61333
61344
61350
61359
61363
61378
61388
61393
61401
61404
61418
61419
61431
61446
61448
61453
61453
61464
61470
61479
61491
61506
61508
61513
61521
61524
61538
61539
61551
61558
61560
61565
61573
61584
61590
61591
61595
61610
61612
61625
61633
61636
61642
61643
61655
61662
61672
61685
61685
61688
61694
61703
61707
61722
61724
61737
61737
61748
61754
61755
61767
61774
61784
61797
61805
61808
61814
61823
61827
61842
61852
61865
61865
61868
61882
61883
61895
61902
61912
61917
61917
61928
61934
61943
61947
61962
61964
61977
61985
61988
61994
61995
62007
62014
62024
62037
62037
62040
62046
62055
62059
62074
62084
62089
62089
62092
62106
62107
62119
62134
62144
62149
62149
62160
62166
62175
62179
62194
62196
62201
62209
62212
62226
62227
62239
62246
62248
62261
62261
62272
62278
62287
62291
62306
62316
62329
62329
62332
62346
62347
62359
62366
62368
62381
62381
62392
62398
62407
62411
62418
62428
62433
62441
62444
62458
62459
62463
62470
62480
62493
62493
62504
62510
62519
62523
62538
62548
62553
62561
62564
62578
62579
62583
62598
62608
62621
62621
62632
62638
62639
62643
62658
62668
62673
62681
62684
62698
62699
62711
62726
62736
62741
62741
62752
62758
62767
62779
62786
62788
62793
62801
62812
62826
62827
62839
62846
62856
62861
62869
62880
62886
62895
62899
62914
62916
62929
62937
62940
62946
62947
62959
62966
62976
62989
62989
62992
62998
63007
63011
63026
63028
63041
63041
63052
63058
63067
63079
63086
63096
63101
63101
63112
63118
63127
63131
63146
63148
63153
63161
63164
63178
63187
63191
63206
63208
63213
63221
63224
63238
63239
63251
63258
63260
63273
63273
63284
63298
63299
63311
63318
63320
63333
63333
63344
63350
63359
63363
63370
63380
63385
63393
63404
63410
63419
63423
63430
63440
63445
63453
63464
63478
63479
63483
63498
63500
63505
63513
63516
63530
63539
63543
63558
63560
63565
63573
63584
63598
63599
63611
63618
63628
63633
63641
63652
63658
63659
63663
63678
63688
63701
63701
63712
63718
63727
63731
63746
63748
63761
63761
63764
63778
63787
63799
63806
63816
63821
63829
63832
63846
63847
63859
63866
63868
63873
63881
63892
63906
63907
63911
63926
63936
63949
63949
63960
63966
63967
63971
63986
63996
64001
64009
64012
64018
64019
64031
64046
64048
64061
64061
64072
64078
64087
64099
64114
64116
64121
64129
64132
64146
64147
64159
64166
64168
64181
64181
64192
64198
64207
64211
64218
64228
64233
64241
64244
64258
64259
64263
64278
64288
64301
64301
64312
64318
64327
64331
64346
64348
64361
64361
64372
64378
64387
64399
64414
64424
64429
64437
64440
64454
64463
64475
64482
64484
64497
64497
64508
64514
64523
64527
64542
64544
64557
64565
64568
64582
64583
64595
64602
64612
64617
64617
64620
64634
64643
64655
64662
64664
64669
64677
64680
64694
64695
64707
64714
64716
64721
64729
64740
64746
64755
64759
64774
64776
64789
64797
64800
64806
64807
64819
64826
64836
64849
64857
64860
64866
64875
64879
64894
64904
64909
64909
64912
64926
64927
64939
64954
64964
64969
64969
64980
64986
64995
64999
65014
65016
65021
65029
65040
65054
65055
65067
65074
65076
65089
65089
65100
65106
65115
65119
65126
65136
65141
65149
65160
65166
65175
65179
65194
65196
65209
65217
65220
65234
65235
65239
65254
65256
65269
65269
65280
65294
65295
65307
65314
65316
65329
65329
65340
65346
65355
65359
65366
65376
65381
65389
65392
65406
65407
65411
65426
65428
65441
65441
65452
65458
65459
65471
65486
65496
65501
65509
65512
65518
65527
65539
65554
65556
65569
65569
65572
65578
65587
65599
65606
65616
65621
65629
65632
65646
65655
65659
65674
65676
65689
65689
65700
65714
65715
65727
65734
65744
65749
65757
65768
65774
65775
65779
65794
65796
65809
65817
65828
65834
65835
65847
65854
65864
65877
65885
65888
65894
65903
65907
65922
65932
65945
65945
65948
65962
65963
65975
65982
65992
65997
65997
66008
66014
66023
66027
66042
66044
66049
66049
66060
66074
66083
66087
66094
66096
66109
66117
66120
66126
66127
66139
66146
66156
66161
66169
66172
66186
66187
66191
66198
66208
66221
66221
66232
66238
66247
66251
66266
66276
66281
66289
66292
66306
66307
66319
66334
66336
66341
66341
66352
66358
66367
66379
66386
66396
66401
66409
66412
66426
66435
66447
66454
66456
66469
66469
66480
66486
66495
66499
66506
66516
66529
66537
66540
66554
66555
66559
66566
66576
66589
66589
66600
66606
66615
66619
66634
66644
66649
66649
66652
66666
66667
66679
66686
66696
66701
66701
66712
66718
66727
66731
66746
66748
66761
66761
66772
66778
66787
66791
66806
66808
66821
66829
66832
66846
66847
66859
66866
66876
66881
66889
66892
66906
66907
66919
66926
66936
66941
66941
66952
66958
66967
66971
66978
66980
66993
66993
67004
67010
67019
67023
67038
67040
67045
67045
67056
67070
67079
67083
67090
67100
67113
67121
67124
67130
67131
67143
67150
67160
67173
67181
67184
67198
67199
67211
67218
67228
67233
67233
67244
67258
67267
67271
67278
67288
67293
67301
67304
67318
67319
67323
67338
67348
67361
67361
67364
67370
67379
67383
67398
67408
67421
67421
67424
67438
67439
67451
67458
67468
67473
67473
67476
67490
67499
67503
67518
67520
67525
67525
67536
67550
67551
67563
67570
67580
67593
67601
67604
67618
67619
67631
67638
67648
67661
67661
67664
67670
67679
67683
67698
67708
67721
67721
67724
67730
67739
67751
67758
67768
67773
67773
67784
67790
67799
67811
67826
67828
67833
67841
67844
67850
67859
67863
67878
67880
67893
67893
67904
67910
67919
67923
67938
67940
67945
67945
67956
67970
67971
67983
67990
68000
68005
68013
68016
68030
68031
68035
68042
68052
68065
68065
68068
68074
68083
68087
68102
68112
68117
68125
68128
68142
68143
68155
68170
68172
68177
68177
68188
68194
68203
68215
68230
68232
68237
68245
68248
68262
68271
68283
68290
68292
68305
68305
68316
68322
68331
68335
68350
68352
68365
68373
68376
68390
68391
68403
68410
68420
68425
68433
68436
68442
68451
68455
68470
68472
68485
68485
68488
68502
68511
68523
68530
68540
68545
68553
68556
68570
68579
68583
68590
68592
68605
68605
68616
68622
68631
68635
68642
68644
68657
68665
68668
68682
68683
68695
68702
68704
68717
68717
68728
68742
68751
68755
68762
68772
68777
68785
68788
68802
68803
68807
68822
68824
68837
68837
68848
68854
68855
68867
68882
68892
68897
68905
68908
68922
68923
68935
68950
68960
68965
68965
68976
68982
68991
68995
69010
69012
69017
69025
69036
69050
69051
69063
69070
69080
69085
69093
69096
69110
69111
69115
69130
69140
69153
69153
69164
69170
69171
69175
69190
69200
69213
69213
69216
69230
69231
69243
69250
69260
69265
69265
69276
69290
69299
69303
69310
69312
69325
69325
69336
69342
69351
69355
69362
69372
69377
69385
69388
69402
69403
69415
69422
69432
69445
69445
69448
69454
69463
69467
69482
69492
69497
69497
69500
69514
69515
69527
69534
69544
69549
69549
69560
69566
69575
69579
69594
69604
69609
69609
69612
69626
69627
69639
69654
69656
69669
69669
69680
69686
69695
69699
69714
69716
69721
69721
69732
69746
69747
69759
69766
69776
69781
69789
69792
69806
69807
69811
69826
69836
69849
69849
69860
69866
69875
69879
69894
69904
69909
69917
69920
69934
69935
69947
69962
69972
69977
69977
69988
70002
70011
70015
70022
70032
70045
70053
70064
70070
70079
70091
70106
70116
70121
70129
70140
70154
70155
70167
70174
70184
70189
70197
70208
70214
70223
70227
70242
70244
70257
70265
70268
70282
70283
70295
70302
70312
70325
70325
70336
70342
70351
70355
70370
70380
70385
70393
70396
70402
70403
70415
70430
70432
70445
70445
70448
70454
70455
70467
70474
70484
70497
70505
70508
70514
70523
70527
70542
70552
70557
70565
70568
70582
70583
70595
70610
70612
70625
70625
70636
70642
70651
70663
70670
70672
70677
70685
70688
70702
70711
70715
70722
70724
70737
70737
70748
70762
70763
70767
70774
70784
70789
70797
70800
70814
70815
70819
70834
70836
70849
70849
70860
70866
70867
70879
70886
70896
70901
70909
70912
70926
70927
70939
70946
70956
70961
70961
70972
70978
70987
70999
71014
71016
71021
71029
71032
71046
71055
71059
71074
71076
71089
71089
71100
71106
71115
71119
71126
71128
71141
71149
71152
71166
71167
71179
71186
71196
71201
71209
71212
71226
71235
71247
71254
71264
71269
71269
71280
71286
71295
71299
71314
71316
71329
71329
71340
71346
71355
71359
71374
71376
71381
71381
71392
71406
71407
71419
71426
71428
71441
71441
71452
71458
71467
71471
71486
71488
71501
71509
71512
71526
71527
71531
71546
71548
71561
71569
71580
71586
71587
71599
71606
71616
71629
71629
71640
71646
71647
71659
71666
71676
71689
71689
71692
71698
71707
71711
71726
71736
71741
71749
71752
71758
71767
71771
71786
71796
71801
71801
71804
71818
71819
71831
71846
71848
71861
71861
71864
71878
71879
71891
71906
71908
71913
71913
71924
71930
71939
71951
71966
71968
71973
71981
71984
71998
72007
72011
72026
72028
72041
72041
72052
72066
72067
72079
72086
72096
72101
72109
72112
72126
72127
72131
72146
72148
72161
72169
72180
72186
72187
72199
72214
72224
72229
72237
72240
72246
72255
72259
72266
72276
72281
72289
72292
72306
72307
72311
72326
72328
72341
72349
72352
72366
72367
72371
72386
72388
72401
72409
72412
72418
72419
72431
72438
72448
72461
72469
72472
72478
72487
72491
72506
72516
72521
72529
72532
72546
72547
72559
72574
72576
72589
72589
72600
72606
72615
72627
72634
72644
72649
72649
72660
72666
72675
72687
72694
72704
72709
72717
72720
72734
72743
72747
72754
72756
72769
72769
72780
72794
72795
72807
72814
72824
72829
72837
72848
72854
72863
72867
72874
72876
72889
72897
72900
72914
72915
72919
72934
72936
72949
72957
72960
72974
72975
72987
72994
73004
73017
73017
73028
73034
73035
73039
73054
73064
73069
73077
73080
73086
73095
73099
73114
73116
73129
73129
73132
73138
73147
73159
73166
73176
73181
73181
73192
73198
73199
73203
73218
73228
73233
73241
73244
73250
73259
73271
73286
73288
73293
73293
73304
73318
73327
73331
73346
73348
73361
73361
73372
73386
73387
73399
73406
73416
73421
73429
73440
73446
73455
73459
73474
73476
73489
73497
73500
73506
73515
73519
73534
73544
73549
73557
73560
73566
73575
73587
73602
73604
73617
73617
73620
73634
73635
73647
73662
73664
73677
73677
73688
73694
73703
73715
73722
73732
73737
73737
73748
73754
73763
73767
73782
73784
73789
73797
73800
73814
73815
73827
73834
73844
73849
73857
73868
73874
73883
73887
73902
73904
73917
73925
73936
73942
73943
73955
73962
73972
73977
73985
73988
73994
73995
74007
74022
74024
74037
74037
74048
74054
74063
74075
74082
74092
74097
74105
74108
74114
74115
74127
74142
74144
74157
74157
74168
74174
74183
74195
74202
74212
74217
74225
74228
74242
74243
74255
74262
74264
74269
74277
74288
74302
74303
74307
74314
74324
74337
74337
74340
74346
74355
74359
74374
74376
74389
74389
74392
74398
74407
74419
74426
74436
74441
74441
74444
74458
74467
74471
74486
74488
74501
74501
74512
74518
74527
74531
74546
74548
74561
74561
74572
74578
74579
74583
74598
74608
74613
74613
74616
74630
74639
74651
74658
74660
74665
74673
74676
74690
74699
74703
74710
74712
74725
74733
74736
74750
74751
74763
74770
74780
74785
74793
74796
74802
74803
74815
74830
74832
74837
74837
74840
74854
74863
74867
74874
74876
74889
74889
74900
74906
74915
74919
74934
74936
74949
74949
74960
74966
74975
74979
74994
74996
75009
75009
75020
75026
75035
75039
75054
75064
75069
75069
75072
75086
75087
75099
75106
75108
75113
75121
75124
75138
75147
75159
75166
75176
75181
75189
75200
75214
75215
75219
75234
75236
75249
75249
75252
75258
75267
75271
75286
75288
75293
75293
75304
75318
75327
75331
75346
75348
75361
75361
75372
75386
75395
75399
75406
75416
75421
75429
75440
75454
75455
75459
75474
75476
75489
75489
75500
75506
75507
75519
75534
75544
75549
75557
75560
75566
75575
75587
75602
75604
75617
75617
75628
75634
75643
75655
75662
75672
75677
75685
75688
75702
75703
75715
75722
75724
75737
75737
75740
75746
75755
75767
75774
75784
75789
75797
75800
75814
75823
75827
75842
75844
75857
75857
75868
75882
75883
75887
75894
75904
75909
75917
75928
75942
75943
75947
75954
75964
75969
75969
75972
75986
75987
75999
76014
76016
76021
76021
76032
76038
76047
76051
76066
76068
76073
76073
76084
76098
76099
76111
76118
76128
76133
76141
76144
76158
76159
76163
76170
76180
76193
76201
76204
76210
76219
76231
76246
76248
76261
76261
76272
76278
76287
76299
76306
76308
76313
76321
76324
76338
76347
76359
76366
76368
76373
76381
76392
76398
76407
76411
76418
76428
76441
76449
76452
76466
76467
76471
76478
76488
76501
76501
76512
76518
76519
76531
76538
76548
76553
76561
76564
76570
76579
76583
76590
76600
76605
76613
76624
76638
76639
76643
76658
76660
76673
76681
76684
76698
76699
76703
76718
76728
76741
76741
76752
76758
76759
76771
76786
76796
76801
76809
76812
76818
76819
76831
76846
76848
76861
76861
76872
76878
76887
76899
76906
76916
76921
76929
76932
76946
76955
76959
76974
76976
76989
76989
77000
77014
77015
77019
77026
77036
77041
77049
77060
77066
77067
77071
77086
77088
77101
77109
77112
77126
77127
77139
77146
77156
77169
77169
77180
77186
77195
77199
77214
77224
77229
77237
77240
77246
77255
77259
77274
77276
77289
77289
77292
77306
77307
77319
77334
77336
77349
77349
77352
77366
77375
77387
77394
77404
77409
77409
77420
77426
77435
77447
77454
77464
77469
77469
77480
77486
77495
77507
77522
77524
77529
77537
77540
77546
77555
77559
77574
77576
77589
77589
77592
77606
77607
77619
77634
77644
77649
77649
77660
77666
77675
77687
77702
77704
77709
77717
77720
77734
77743
77755
77762
77764
77777
77777
77788
77802
77803
77807
77814
77824
77829
77837
77848
77854
77863
77867
77882
77884
77897
77905
77908
77922
77923
77927
77942
77944
77957
77957
77968
77974
77975
77987
77994
78004
78017
78017
78028
78034
78043
78047
78062
78072
78077
78085
78088
78102
78103
78115
78130
78132
78145
78145
78148
78154
78163
78175
78182
78192
78197
78205
78216
78230
78231
78243
78250
78260
78265
78273
78284
78298
78299
78303
78318
78328
78341
78341
78352
78358
78367
78371
78386
78396
78401
78409
78412
78418
78419
78431
78446
78448
78453
78453
78464
78470
78471
78483
78498
78508
78513
78521
78524
78538
78539
78551
78566
78568
78581
78581
78592
78598
78607
78619
78626
78636
78641
78649
78652
78666
78675
78679
78694
78696
78701
78709
78712
78726
78735
78739
78754
78756
78761
78761
78772
78786
78787
78799
78806
78808
78821
78821
78832
78846
78847
78859
78866
78876
78881
78889
78900
78906
78915
78919
78926
78928
78941
78949
78952
78966
78967
78971
78986
78996
79009
79009
79020
79026
79027
79039
79046
79056
79069
79069
79080
79086
79095
79099
79114
79124
79129
79137
79140
79146
79155
79159
79174
79184
79197
79197
79200
79214
79215
79227
79234
79244
79249
79249
79260
79266
79275
79287
79294
79304
79309
79309
79320
79334
79343
79347
79362
79364
79369
79377
79388
79402
79403
79415
79422
79424
79429
79429
79440
79446
79455
79459
79474
79476
79481
79489
79492
79506
79507
79519
79526
79536
79541
79549
79552
79566
79567
79571
79586
79588
79601
79601
79612
79618
79627
79631
79646
79656
79669
79669
79672
79678
79687
79699
79706
79716
79721
79721
79732
79746
79755
79759
79774
79776
79789
79789
79800
79814
79815
79827
79834
79844
79849
79857
79868
79874
79875
79879
79894
79896
79909
79909
79920
79926
79927
79931
79946
79956
79961
79969
79972
79978
79979
79991
80006
80008
80013
80013
80024
80030
80039
80043
80058
80060
80065
80065
80076
80090
80091
80095
80102
80112
80117
80125
80136
80142
80143
80147
80162
80164
80177
80177
80188
80194
80195
80207
80214
80224
80229
80237
80240
80246
80255
80259
80274
80276
80289
80297
80300
80314
80315
80319
80326
80336
80349
80349
80360
80366
80375
80379
80394
80404
80409
80417
80420
80434
80435
80447
80462
80472
80477
80477
80488
80494
80503
80515
80522
80532
80537
80537
80548
80562
80571
80575
80590
80592
80605
80605
80616
80630
80631
80643
80650
80660
80665
80673
80676
80690
80691
80703
80710
80720
80733
80733
80736
80742
80751
80755
80770
80772
80785
80785
80788
80802
80811
80823
80830
80840
80845
80853
80856
80870
80879
80883
80898
80900
80905
80913
80924
80938
80939
80951
80958
80968
80973
80981
80992
81006
81007
81011
81026
81036
81049
81049
81060
81066
81067
81071
81086
81096
81101
81109
81112
81126
81127
81139
81154
81156
81169
81169
81172
81178
81179
81191
81198
81208
81221
81229
81232
81238
81247
81251
81266
81268
81281
81281
81284
81298
81299
81311
81318
81328
81333
81333
81344
81350
81359
81371
81378
81388
81393
81401
81404
81418
81427
81431
81446
81448
81453
81453
81464
81478
81479
81491
81498
81500
81513
81513
81524
81530
81539
81543
81550
81560
81565
81573
81584
81590
81599
81603
81618
81620
81633
81641
81644
81658
81659
81663
81678
81688
81701
81701
81712
81718
81719
81723
81738
81748
81753
81761
81764
81770
81779
81791
81806
81808
81821
81821
81824
81838
81839
81851
81858
81868
81873
81873
81884
81890
81899
81911
81926
81928
81933
81941
81944
81958
81967
81979
81986
81988
82001
82001
82012
82026
82035
82039
82046
82056
82061
82069
82080
82086
82095
82099
82114
82116
82121
82129
82132
82146
82147
82159
82166
82176
82181
82189
82200
82214
82215
82219
82234
82236
82249
82257
82260
82266
82267
82279
82286
82296
82309
82309
82312
82318
82327
82331
82346
82348
82361
82361
82364
82378
82387
82399
82406
82416
82421
82421
82424
82438
82447
82451
82466
82468
82473
82481
82492
82506
82507
82519
82526
82528
82541
82549
82560
82566
82575
82579
82594
82596
82609
82617
82620
82634
82635
82647
82654
82664
82677
82677
82688
82694
82703
82707
82722
82732
82737
82737
82740
82754
82755
82767
82782
82792
82797
82797
82808
82814
82823
82835
82850
82852
82857
82865
82868
82882
82891
82895
82902
82912
82917
82925
82928
82942
82943
82947
82962
82964
82977
82977
82988
82994
82995
83007
83014
83024
83029
83037
83048
83054
83055
83059
83074
83084
83097
83097
83100
83106
83115
83119
83134
83136
83149
83149
83152
83166
83167
83179
83186
83196
83201
83201
83204
83218
83227
83231
83246
83248
83253
83261
83272
83286
83287
83299
83306
83308
83313
83321
83332
83338
83347
83351
83366
83368
83381
83389
83392
83406
83407
83419
83426
83436
83449
83449
83460
83466
83475
83479
83494
83504
83509
83517
83520
83534
83535
83547
83554
83564
83569
83569
83580
83586
83595
83599
83614
83616
83621
83629
83632
83646
83647
83659
83666
83668
83673
83681
83692
83698
83707
83711
83726
83728
83741
83749
83752
83766
83767
83779
83786
83796
83809
83809
83812
83826
83827
83839
83846
83856
83861
83861
83864
83870
83879
83883
83898
83900
83913
83913
83916
83930
83939
83951
83958
83968
83973
83973
83976
83990
83999
84003
84018
84020
84033
84033
84044
84058
84059
84071
84078
84088
84093
84101
84112
84118
84127
84131
84146
84148
84161
84169
84172
84178
84179
84191
84198
84208
84221
84221
84232
84238
84247
84251
84266
84276
84281
84289
84292
84306
84307
84319
84334
84336
84341
84341
84352
84358
84367
84379
84394
84396
84401
84409
84412
84426
84435
84447
84454
84456
84469
84469
84480
84486
84495
84499
84506
84508
84521
84529
84532
84538
84539
84551
84558
84568
84581
84589
84592
84598
84607
84611
84626
84636
84649
84649
84652
84658
84667
84679
84686
84696
84701
84709
84712
84726
84735
84739
84754
84756
84769
84769
84772
84786
84787
84799
84806
84816
84821
84821
84832
84838
84847
84851
84866
84868
84873
84881
84884
84898
84899
84911
84918
84920
84933
84941
84952
84958
84967
84971
84978
84988
85001
85009
85012
85026
85027
85031
85038
85048
85061
85061
85072
85078
85079
85091
85098
85108
85113
85121
85124
85130
85139
85151
85166
85168
85173
85173
85184
85190
85199
85203
85218
85220
85225
85233
85236
85250
85251
85263
85270
85272
85285
85285
85296
85302
85311
85315
85322
85332
85337
85345
85348
85362
85363
85367
85382
85392
85405
85405
85416
85422
85423
85427
85442
85452
85457
85465
85468
85482
85483
85495
85510
85512
85525
85525
85536
85542
85551
85563
85570
85580
85585
85593
85596
85610
85611
85623
85638
85640
85645
85645
85656
85662
85671
85683
85698
85700
85705
85713
85716
85730
85739
85751
85758
85760
85773
85773
85784
85790
85799
85803
85810
85820
85825
85833
85836
85850
85851
85855
85870
85872
85885
85893
85896
85902
85903
85915
85922
85932
85937
85945
85948
85954
85963
85967
85982
85984
85997
85997
86000
86014
86023
86035
86042
86052
86057
86057
86060
86074
86083
86087
86094
86096
86109
86109
86120
86126
86135
86139
86146
86156
86161
86169
86180
86194
86195
86199
86214
86216
86229
86237
86248
86254
86255
86267
86274
86284
86289
86297
86300
86306
86315
86327
86342
86344
86357
86357
86360
86366
86375
86387
86394
86404
86409
86417
86420
86434
86443
86447
86462
86464
86477
86477
86488
86502
86503
86515
86522
86532
86537
86537
86548
86554
86563
86575
86590
86592
86597
86597
86608
86622
86623
86635
86642
86652
86657
86665
86676
86690
86691
86695
86710
86712
86725
86725
86736
86742
86743
86755
86770
86780
86785
86793
86796
86810
86811
86823
86838
86840
86845
86845
86856
86862
86871
86883
86898
86900
86905
86913
86916
86930
86931
86943
86950
86960
86965
86973
86984
86998
86999
87003
87018
87020
87033
87041
87052
87058
87059
87071
87078
87088
87093
87101
87104
87110
87119
87123
87138
87140
87153
87153
87156
87170
87171
87183
87190
87200
87205
87205
87216
87222
87231
87235
87250
87252
87257
87265
87268
87282
87283
87295
87302
87304
87317
87317
87328
87334
87343
87347
87354
87364
87377
87385
87388
87402
87411
87423
87430
87432
87445
87445
87456
87462
87471
87475
87490
87492
87505
87505
87516
87522
87523
87535
87542
87552
87557
87565
87568
87574
87583
87595
87610
87612
87625
87625
87636
87642
87651
87663
87670
87672
87677
87685
87688
87702
87711
87723
87730
87732
87745
87745
87756
87762
87771
87775
87782
87784
87797
87805
87808
87822
87823
87827
87842
87852
87865
87865
87876
87882
87883
87895
87902
87912
87917
87925
87928
87934
87935
87947
87962
87964
87977
87977
87980
87986
87995
88007
88014
88024
88029
88037
88040
88054
88063
88067
88082
88084
88097
88097
88108
88122
88123
88135
88142
88152
88157
88165
88176
88182
88191
88195
88210
88212
88225
88233
88236
88250
88251
88255
88270
88272
88285
88293
88296
88310
88319
88331
88338
88340
88353
88353
88364
88378
88379
88383
88390
88400
88405
88413
88416
88430
88431
88435
88450
88452
88465
88465
88476
88482
88483
88495
88502
88512
88525
88525
88528
88534
88543
88547
88562
88572
88577
88577
88580
88594
88595
88607
88614
88624
88629
88629
88640
88646
88655
88659
88674
88676
88681
88689
88692
88706
88707
88719
88726
88728
88741
88741
88752
88758
88767
88771
88786
88788
88801
88809
88812
88826
88827
88839
88846
88856
88869
88877
88880
88886
88895
88899
88914
88924
88937
88937
88940
88954
88955
88967
88982
88992
88997
88997
89008
89014
89023
89027
89042
89044
89049
89057
89060
89074
89083
89095
89102
89104
89117
89117
89128
89134
89143
89147
89154
89164
89169
89177
89180
89194
89203
89207
89222
89224
89229
89229
89240
89254
89255
89259
89266
89276
89281
89289
89292
89306
89307
89319
89326
89336
89341
89349
89352
89366
89367
89379
89394
89404
89409
89409
89420
89426
89435
89447
89462
89464
89469
89477
89488
89502
89503
89515
89522
89524
89537
89545
89556
89562
89571
89575
89590
89592
89605
89613
89616
89622
89623
89635
89642
89652
89657
89665
89668
89674
89675
89687
89702
89704
89717
89717
89720
89726
89735
89747
89754
89764
89769
89777
89780
89794
89803
89807
89822
89824
89829
89829
89840
89854
89855
89867
89874
89876
89889
89897
89908
89914
89923
89927
89934
89944
89957
89965
89968
89982
89983
89995
90002
90012
90025
90025
90036
90042
90051
90055
90070
90080
90085
90093
90096
90110
90111
90115
90130
90132
90145
90153
90164
90170
90171
90183
90190
90200
90205
90213
90216
90222
90231
90235
90250
90252
90265
90265
90268
90282
90283
90295
90302
90312
90317
90317
90328
90334
90343
90347
90362
90364
90369
90377
90380
90394
90395
90407
90414
90416
90429
90437
90448
90454
90463
90467
90482
90484
90497
90505
90508
90522
90523
90535
90542
90552
90565
90565
90568
90574
90583
90587
90602
90612
90617
90625
90628
90642
90643
90655
90670
90672
90685
90685
90696
90702
90711
90723
90738
90740
90745
90753
90764
90778
90779
90791
90798
90800
90805
90813
90824
90830
90831
90835
90850
90852
90865
90865
90876
90882
90883
90895
90902
90912
90917
90925
90928
90934
90943
90947
90962
90964
90977
90985
90988
91002
91003
91015
91022
91032
91045
91045
91048
91054
91063
91067
91082
91084
91097
91097
91100
91114
91115
91127
91134
91144
91149
91149
91160
91166
91175
91179
91194
91196
91201
91209
91212
91226
91227
91239
91246
91248
91261
91269
91280
91286
91295
91299
91306
91308
91321
91329
91332
91346
91347
91359
91366
91376
91389
91389
91400
91406
91407
91411
91426
91436
91441
91449
91452
91466
91467
91479
91486
91496
91501
91509
91512
91526
91535
91539
91546
91548
91561
91561
91572
91586
91595
91599
91606
91616
91621
91629
91632
91646
91647
91651
91666
91668
91681
91681
91692
91698
91699
91711
91718
91728
91733
91741
91744
91750
91759
91763
91778
91780
91793
91793
91796
91810
91819
91831
91838
91848
91861
91861
91864
91870
91879
91883
91898
91900
91913
91913
91916
91930
91931
91943
91950
91960
91965
91965
91976
91982
91991
91995
92010
92012
92017
92025
92028
92042
92043
92055
92062
92064
92077
92085
92096
92102
92103
92107
92122
92124
92137
92145
92156
92162
92163
92175
92182
92192
92197
92205
92208
92214
92223
92235
92250
92252
92265
92265
92276
92282
92291
92295
92310
92312
92317
92325
92328
92342
92343
92355
92362
92364
92377
92385
92396
92402
92411
92415
92422
92424
92437
92445
92448
92462
92463
92475
92482
92492
92505
92505
92516
92522
92523
92527
92542
92552
92557
92565
92568
92582
92583
92595
92602
92612
92617
92617
92628
92642
92651
92655
92670
92672
92685
92685
92696
92710
92711
92723
92730
92740
92745
92745
92756
92762
92771
92775
92790
92792
92797
92805
92808
92822
92823
92835
92842
92844
92857
92857
92868
92874
92883
92887
92894
92904
92909
92917
92920
92934
92935
92939
92954
92964
92977
92977
92988
92994
92995
92999
93014
93024
93029
93037
93040
93054
93055
93067
93082
93084
93097
93097
93108
93114
93123
93135
93142
93152
93157
93165
93168
93182
93191
93203
93210
93212
93225
93225
93236
93250
93251
93263
93270
93272
93277
93285
93296
93302
93311
93315
93322
93332
93337
93345
93356
93370
93371
93375
93390
93392
93405
93413
93416
93430
93431
93443
93450
93460
93473
93473
93484
93490
93499
93503
93518
93528
93533
93541
93544
93558
93559
93571
93586
93596
93601
93601
93612
93618
93627
93631
93646
93656
93661
93669
93672
93686
93687
93699
93714
93716
93721
93721
93732
93738
93747
93751
93766
93768
93773
93781
93792
93806
93807
93819
93826
93828
93841
93849
93860
93866
93875
93879
93886
93896
93901
93909
93912
93926
93927
93931
93946
93948
93961
93961
93972
93978
93979
93991
93998
94008
94021
94029
94032
94038
94047
94051
94066
94076
94089
94089
94092
94106
94107
94119
94134
94144
94149
94149
94160
94166
94175
94187
94202
94204
94209
94217
94220
94234
94235
94247
94254
94256
94269
94277
94288
94294
94303
94307
94314
94324
94337
94345
94348
94362
94363
94367
94374
94384
94397
94397
94408
94414
94423
94427
94442
94452
94457
94457
94460
94474
94475
94487
94502
94512
94517
94517
94528
94534
94543
94547
94562
94572
94577
94585
94588
94602
94603
94615
94630
94632
94645
94645
94656
94662
94671
94683
94690
94700
94705
94705
94716
94722
94731
94735
94750
94752
94757
94757
94768
94782
94783
94795
94802
94812
94817
94825
94836
94842
94851
94855
94870
94872
94885
94893
94896
94910
94911
94923
94930
94940
94953
94961
94964
94970
94979
94983
94998
95000
95013
95013
95016
95022
95031
95043
95050
95060
95065
95065
95068
95082
95091
95095
95110
95112
95117
95117
95128
95134
95143
95147
95154
95164
95177
95185
95188
95202
95203
95207
95222
95232
95245
95245
95256
95262
95263
95267
95282
95292
95297
95305
95308
95314
95315
95327
95342
95344
95357
95357
95360
95374
95383
95395
95402
95412
95417
95417
95420
95434
95443
95447
95462
95472
95477
95485
95488
95502
95503
95515
95530
95532
95545
95545
95556
95562
95571
95583
95590
95600
95605
95613
95616
95630
95639
95643
95658
95660
95665
95673
95684
95698
95699
95711
95718
95720
95733
95733
95744
95750
95759
95763
95770
95780
95785
95793
95804
95810
95811
95815
95830
95832
95845
95853
95856
95870
95871
95883
95890
95900
95913
95913
95924
95930
95939
95943
95958
95968
95973
95981
95984
95990
95999
96011
96026
96028
96041
96041
96044
96058
96059
96071
96078
96088
96093
96093
96104
96110
96119
96131
96138
96148
96153
96161
96164
96178
96187
96191
96206
96208
96221
96221
96232
96246
96247
96259
96266
96276
96281
96289
96300
96306
96315
96319
96326
96336
96341
96349
96352
96366
96367
96371
96386
96388
96401
96409
96412
96426
96435
96439
96446
96448
96461
96461
96472
96486
96487
96499
96506
96508
96513
96521
96532
96538
96547
96551
96558
96560
96573
96581
96584
96598
96599
96603
96618
96620
96633
96633
96644
96650
96651
96663
96670
96680
96685
96693
96696
96702
96711
96715
96730
96732
96745
96745
96748
96762
96763
96775
96790
96792
96805
96805
96816
96822
96831
96843
96850
96860
96865
96865
96868
96882
96891
96895
96910
96912
96917
96925
96928
96942
96943
96955
96962
96964
96969
96977
96988
96994
97003
97007
97014
97024
97029
97037
97040
97054
97055
97059
97074
97076
97089
97089
97100
97106
97107
97119
97126
97136
97149
97157
97160
97166
97175
97179
97194
97204
97209
97209
97212
97226
97227
97239
97254
97264
97269
97277
97280
97294
97303
97307
97322
97332
97337
97345
97348
97362
97363
97375
97390
97392
97405
97405
97416
97422
97431
97443
97450
97460
97465
97465
97476
97490
97499
97503
97518
97520
97525
97533
97536
97550
97559
97571
97578
97580
97593
97593
97604
97618
97619
97631
97638
97640
97645
97653
97664
97670
97679
97683
97690
97700
97705
97713
97716
97730
97731
97735
97750
97752
97765
97773
97784
97790
97791
97803
97810
97820
97833
97833
97844
97850
97859
97863
97878
97888
97893
97901
97904
97918
97919
97931
97946
97948
97961
97961
97964
97970
97979
97991
97998
98008
98013
98013
98024
98030
98039
98051
98066
98068
98073
98081
98084
98098
98107
98111
98126
98128
98141
98141
98152
98166
98167
98179
98186
98188
98193
98201
98212
98218
98227
98231
98246
98248
98261
98269
98272
98286
98295
98299
98314
98316
98329
98329
98340
98354
98355
98367
98374
98376
98389
98397
98408
98414
98423
98427
98442
98444
98457
98465
98468
98474
98475
98487
98494
98504
98517
98517
98528
98534
98543
98547
98562
98572
98577
98585
98588
98594
98603
98607
98622
98624
98637
98637
98640
98654
98655
98667
98674
98684
98689
98689
98700
98706
98715
98719
98734
98736
98741
98749
98752
98766
98775
98779
98786
98788
98801
98801
98812
98826
98827
98839
98846
98856
98861
98869
98880
98886
98895
98899
98906
98908
98921
98929
98932
98946
98947
98951
98966
98968
98981
98981
98992
98998
98999
99011
99018
99028
99041
99041
99044
99050
99059
99063
99078
99088
99101
99101
99104
99118
99119
99131
99146
99148
99153
99153
99164
99170
99179
99191
99198
99208
99221
99229
99232
99238
99247
99251
99266
99276
99281
99281
99284
99298
99299
99311
99326
99336
99341
99341
99352
99358
99367
99379
99386
99396
99401
99409
99412
99426
99435
99439
99454
99456
99469
99469
99480
99494
99495
99507
99514
99516
99529
99529
99540
99546
99555
99559
99566
99576
99581
99589
99600
99606
99607
99611
99626
99628
99641
99649
99652
99666
99667
99671
99678
99688
99701
99701
99712
99718
99719
99731
99738
99748
99753
99761
99764
99770
99779
99783
99798
99808
99813
99821
99824
99838
99839
99851
99866
99868
99881
99881
99892
99898
99907
99919
99926
99936
99941
99941
99944
99958
99967
99971
99986
99988
99993
100001
100004
100018
100019
100031
100038
100040
100053
100053
100064
100078
100087
100091
100098
100108
100113
100121
100132
100138
100147
100151
100166
100168
100173
100181
100184
100198
100207
100211
100218
100220
100233
100233
100244
100258
100259
100271
100278
100280
100285
100293
100304
100310
100319
100323
100330
100340
100345
100353
100356
100370
100371
100375
100390
100392
100405
100413
100416
100422
100423
100435
100442
100452
100457
100465
100468
100482
100483
100495
100510
100512
100517
100517
100528
100534
100543
100555
100570
100572
100577
100585
100588
100602
100611
100615
100622
100624
100637
100637
100648
100662
100663
100675
100682
100692
100697
100705
100716
100722
100731
100735
100742
100744
100757
100765
100768
100782
100783
100787
100802
100812
100825
100825
100836
100842
100843
100855
100862
100872
100877
100885
100888
100894
100903
100907
100922
100924
100937
100937
100940
100954
100955
100967
100982
100992
100997
100997
101008
101014
101023
101027
101042
101052
101057
101065
101068
101074
101075
101087
101102
101104
101117
101117
101120
101126
101135
101147
101154
101164
101169
101169
101180
101194
101203
101207
101222
101224
101229
101237
101240
101254
101263
101275
101282
101284
101297
101297
101308
101314
101323
101327
101334
101344
101349
101357
101368
101382
101383
101387
101402
101404
101417
101425
101436
101442
101443
101455
101462
101472
101485
101485
101488
101494
101503
101507
101522
101532
101537
101545
101548
101562
101563
101575
101590
101592
101605
101605
101608
101622
101623
101635
101642
101652
101657
101657
101668
101682
101691
101695
101710
101712
101717
101725
101728
101742
101743
101755
101762
101764
101777
101777
101788
101802
101803
101815
101822
101832
101837
101845
101856
101862
101863
101867
101882
101884
101897
101905
101908
101922
101923
101935
101942
101952
101965
101973
101984
101990
101999
102003
102010
102020
102025
102033
102036
102050
102051
102055
102070
102080
102093
102093
102104
102110
102111
102123
102130
102140
102145
102153
102156
102162
102171
102175
102190
102192
102205
102205
102208
102222
102223
102235
102242
102252
102257
102257
102268
102274
102283
102287
102302
102304
102309
102317
102320
102334
102343
102347
102354
102356
102369
102369
102380
102394
102395
102407
102414
102424
102429
102437
102448
102454
102463
102467
102474
102476
102489
102497
102500
102514
102515
102519
102534
102536
102549
102549
102560
102566
102567
102579
102586
102596
102601
102609
102612
102618
102627
102631
102646
102656
102661
102669
102672
102678
102687
102699
102714
102716
102729
102729
102732
102746
102747
102759
102774
102776
102789
102789
102792
102806
102815
102827
102834
102844
102849
102849
102860
102866
102875
102887
102894
102904
102909
102917
102920
102926
102935
102939
102954
102964
102969
102969
102972
102986
102987
102999
103014
103016
103029
103029
103040
103046
103055
103067
103074
103084
103089
103089
103100
103114
103123
103127
103142
103144
103149
103157
103160
103174
103175
103187
103194
103196
103209
103209
103220
103226
103235
103239
103246
103256
103261
103269
103280
103294
103295
103299
103314
103316
103329
103337
103340
103354
103355
103367
103374
103384
103397
103397
103408
103414
103415
103427
103434
103444
103457
103457
103468
103474
103483
103487
103502
103512
103517
103525
103528
103534
103543
103547
103562
103572
103577
103577
103580
103594
103595
103607
103622
103624
103637
103637
103640
103654
103655
103667
103674
103684
103689
103689
103700
103706
103715
103719
103734
103736
103741
103749
103752
103766
103767
103779
103786
103788
103801
103801
103812
103818
103827
103839
103846
103856
103861
103861
103872
103886
103895
103899
103914
103916
103921
103929
103932
103946
103947
103959
103966
103968
103981
103981
103992
104006
104007
104019
104026
104036
104041
104049
104060
104066
104075
104079
104086
104096
104101
104109
104120
104126
104135
104139
104154
104156
104169
104177
104180
104194
104195
104199
104214
104216
104229
104229
104240
104246
104247
104259
104274
104284
104289
104297
104300
104306
104307
104319
104334
104336
104349
104349
104352
104358
104367
104379
104386
104396
104401
104409
104412
104426
104435
104439
104454
104456
104469
104469
104480
104494
104495
104507
104514
104524
104529
104537
104548
104554
104563
104567
104582
104584
104597
104605
104608
104622
104623
104627
104642
104644
104657
104657
104668
104674
104675
104687
104694
104704
104709
104717
104720
104726
104735
104739
104754
104764
104769
104777
104780
104794
104795
104799
104814
104816
104829
104829
104840
104846
104847
104859
104866
104876
104881
104889
104892
104898
104907
104911
104926
104936
104949
104949
104952
104966
104967
104979
104994
105004
105009
105009
105020
105034
105043
105047
105062
105064
105069
105077
105080
105094
105095
105107
105114
105116
105129
105129
105140
105146
105155
105159
105166
105176
105189
105197
105200
105214
105215
105227
105234
105244
105257
105257
105268
105274
105283
105287
105302
105312
105317
105325
105328
105342
105343
105355
105370
105372
105377
105377
105388
105394
105403
105415
105422
105424
105429
105437
105440
105454
105463
105467
105482
105484
105497
105497
105508
105522
105523
105535
105542
105552
105557
105565
105576
105582
105583
105587
105602
105604
105617
105617
105628
105634
105635
105647
105662
105672
105677
105685
105696
105702
105711
105715
105730
105732
105745
105753
105756
105770
105771
105783
105790
105800
105813
105821
105824
105830
105839
105843
105858
105868
105881
105881
105884
105898
105907
105919
105926
105936
105941
105941
105952
105966
105975
105979
105994
105996
106009
106009
106020
106026
106035
106039
106046
106056
106061
106069
106072
106086
106087
106091
106106
106116
106129
106129
106140
106146
106155
106159
106174
106184
106189
106189
106192
106206
106207
106219
106234
106236
106241
106241
106252
106258
106267
106279
106294
106296
106301
106309
106312
106326
106335
106339
106346
106348
106361
106361
106372
106386
106387
106399
106406
106416
106421
106429
106440
106446
106447
106451
106466
106468
106481
106489
106492
106498
106499
106511
106518
106528
106541
106541
106544
106550
106559
106563
106578
106580
106593
106601
106604
106618
106619
106631
106638
106648
106661
106661
106672
106678
106687
106691
106706
106716
106721
106729
106732
106746
106747
106759
106774
106776
106789
106789
106800
106806
106815
106827
106834
106844
106849
106857
106860
106874
106883
106895
106902
106904
106917
106917
106928
106942
106951
106955
106962
106972
106977
106985
106988
107002
107003
107007
107022
107032
107045
107045
107056
107062
107071
107075
107090
107100
107105
107105
107108
107122
107123
107135
107150
107152
107157
107157
107168
107174
107183
107195
107202
107204
107209
107217
107220
107234
107243
107247
107262
107264
107277
107277
107288
107302
107303
107315
107322
107332
107337
107345
107356
107362
107371
107375
107390
107392
107405
107413
107416
107430
107431
107443
107450
107460
107465
107473
107476
107482
107491
107495
107510
107520
107533
107541
107544
107558
107559
107571
107578
107588
107601
107601
107604
107610
107619
107623
107638
107648
107661
107661
107664
107678
107679
107691
107706
107708
107713
107713
107724
107730
107739
107751
107766
107768
107773
107781
107784
107798
107807
107811
107818
107820
107833
107833
107844
107858
107867
107871
107878
107888
107893
107901
107904
107918
107919
107923
107930
107940
107953
107953
107964
107970
107979
107983
107998
108008
108013
108021
108024
108038
108039
108051
108066
108068
108081
108081
108092
108098
108107
108119
108126
108128
108133
108141
108144
108158
108159
108171
108178
108180
108185
108193
108204
108210
108211
108215
108230
108232
108245
108245
108256
108262
108263
108275
108282
108292
108297
108305
108308
108314
108323
108335
108350
108352
108365
108365
108368
108382
108391
108403
108410
108420
108433
108433
108444
108450
108459
108463
108478
108488
108493
108493
108496
108510
108511
108523
108530
108540
108545
108545
108556
108562
108571
108583
108590
108592
108597
108605
108608
108622
108623
108635
108642
108644
108649
108657
108668
108674
108683
108687
108694
108696
108709
108717
108720
108734
108735
108747
108754
108764
108777
108785
108788
108794
108803
108807
108822
108824
108837
108837
108840
108854
108855
108867
108874
108884
108889
108889
108900
108914
108923
108927
108942
108944
108949
108949
108960
108974
108975
108987
108994
108996
109001
109009
109020
109026
109035
109039
109046
109056
109069
109077
109080
109094
109095
109099
109114
109116
109129
109129
109140
109146
109147
109159
109166
109176
109181
109189
109192
109198
109207
109219
109234
109236
109249
109249
109252
109266
109275
109287
109294
109304
109317
109317
109320
109326
109335
109339
109354
109364
109369
109369
109372
109386
109387
109399
109414
109416
109421
109421
109432
109438
109447
109459
109466
109468
109473
109481
109484
109498
109507
109511
109526
109528
109533
109533
109544
109558
109559
109571
109578
109588
109593
109601
109612
109618
109627
109631
109646
109648
109661
109669
109672
109678
109679
109691
109698
109708
109721
109721
109724
109730
109739
109743
109758
109768
109773
109773
109776
109790
109791
109803
109810
109820
109825
109825
109836
109842
109851
109855
109870
109872
109877
109885
109888
109902
109911
109923
109930
109932
109945
109945
109956
109970
109971
109975
109982
109992
110005
110013
110016
110030
110031
110035
110050
110060
110073
110073
110084
110090
110099
110103
110118
110128
110133
110141
110144
110158
110159
110171
110186
110188
110201
110201
110212
110218
110219
110231
110238
110248
110253
110261
110264
110270
110279
110291
110306
110308
110321
110321
110324
110338
110347
110359
110366
110376
110381
110389
110392
110406
110415
110419
110426
110428
110441
110441
110452
110466
110467
110471
110478
110488
110493
110501
110512
110518
110519
110523
110538
110540
110553
110553
110564
110570
110571
110583
110590
110600
110605
110613
110616
110622
110631
110635
110650
110652
110665
110665
110668
110682
110691
110703
110710
110720
110725
110725
110728
110742
110751
110755
110770
110772
110785
110785
110796
110810
110811
110823
110830
110840
110845
110853
110864
110870
110879
110883
110898
110900
110913
110921
110924
110938
110939
110951
110958
110968
110981
110989
110992
110998
111007
111011
111026
111028
111041
111041
111044
111058
111059
111071
111078
111088
111101
111101
111112
111118
111119
111131
111146
111156
111161
111169
111172
111178
111187
111191
111206
111216
111221
111229
111232
111246
111247
111259
111274
111276
111289
111289
111292
111306
111307
111319
111326
111336
111341
111341
111344
111358
111367
111371
111386
111388
111401
111401
111412
111426
111435
111439
111446
111456
111461
111469
111472
111486
111487
111491
111506
111508
111521
111521
111532
111538
111539
111551
111558
111568
111573
111581
111584
111590
111599
111603
111618
111620
111633
111633
111636
111650
111651
111663
111670
111680
111685
111685
111696
111702
111711
111715
111730
111732
111737
111745
111748
111762
111771
111775
111790
111792
111805
111805
111816
111830
111839
111843
111850
111860
111865
111873
111884
111898
111899
111903
111918
111920
111933
111941
111952
111958
111959
111971
111978
111988
111993
112001
112004
112018
112019
112023
112038
112040
112053
112053
112064
112070
112071
112083
112090
112100
112105
112113
112116
112122
112131
112135
112150
112160
112173
112173
112176
112190
112191
112203
112218
112220
112225
112225
112236
112242
112251
112263
112270
112272
112277
112285
112288
112302
112311
112315
112322
112324
112337
112337
112348
112362
112363
112367
112374
112384
112389
112397
112408
112414
112415
112419
112434
112436
112449
112457
112460
112474
112475
112487
112494
112504
112517
112517
112528
112534
112543
112547
112562
112572
112577
112577
112580
112594
112595
112607
112614
112624
112629
112629
112640
112646
112655
112659
112674
112676
112689
112689
112700
112706
112715
112719
112726
112736
112741
112749
112752
112766
112767
112771
112786
112788
112801
112801
112812
112818
112819
112831
112838
112848
112853
112861
112872
112878
112879
112883
112898
112908
112921
112921
112932
112938
112947
112951
112966
112976
112981
112989
112992
112998
112999
113011
113026
113028
113041
113041
113044
113058
113067
113079
113086
113096
113101
113101
113112
113118
113127
113139
113146
113148
113153
113161
113164
113178
113187
113191
113198
113200
113213
113213
113224
113238
113247
113251
113258
113268
113273
113281
113284
113298
113299
113303
113318
113320
113333
113341
113352
113358
113359
113371
113378
113388
113393
113401
113404
113410
113419
113423
113438
113440
113453
113453
113456
113470
113479
113491
113498
113508
113513
113513
113524
113538
113547
113551
113566
113568
113573
113581
113584
113598
113599
113611
113618
113620
113625
113633
113644
113650
113659
113663
113678
113680
113693
113701
113704
113718
113719
113731
113738
113748
113761
113761
113772
113778
113787
113791
113798
113808
113813
113821
113824
113838
113839
113851
113858
113868
113881
113881
113884
113890
113899
113903
113918
113928
113933
113933
113936
113950
113951
113963
113978
113980
113993
113993
114004
114010
114019
114023
114038
114040
114045
114053
114056
114070
114071
114083
114090
114092
114097
114105
114108
114122
114123
114127
114142
114144
114157
114157
114168
114174
114175
114187
114194
114204
114209
114217
114220
114226
114235
114239
114254
114256
114269
114269
114272
114286
114287
114299
114306
114316
114321
114321
114324
114338
114347
114351
114366
114368
114381
114381
114392
114406
114415
114419
114426
114436
114441
114449
114452
114466
114467
114471
114486
114488
114501
114501
114512
114518
114519
114531
114546
114556
114561
114569
114572
114578
114587
114591
114606
114608
114621
114629
114640
114646
114647
114659
114666
114676
114689
114689
114692
114698
114707
114711
114726
114736
114749
114749
114752
114766
114767
114779
114786
114796
114801
114801
114812
114818
114827
114831
114846
114848
114853
114861
114872
114886
114887
114899
114906
114908
114913
114921
114932
114938
114947
114951
114966
114968
114981
114989
114992
115006
115007
115019
115026
115036
115041
115049
115052
115058
115067
115071
115086
115088
115101
115101
115104
115118
115119
115131
115138
115148
115153
115153
115164
115170
115179
115183
115198
115200
115205
115213
115216
115230
115231
115243
115250
115252
115265
115265
115276
115282
115291
115295
115302
115312
115317
115325
115328
115342
115343
115347
115362
115364
115377
115377
115388
115394
115395
115407
115422
115432
115437
115445
115448
115462
115463
115475
115490
115492
115505
115505
115516
115522
115523
115535
115550
115560
115565
115573
115576
115582
115591
115595
115610
115620
115633
115633
115636
115650
115651
115663
115678
115680
115693
115693
115704
115710
115719
115731
115746
115748
115753
115761
115764
115778
115779
115791
115798
115800
115813
115813
115824
115838
115847
115851
115858
115868
115873
115881
115884
115898
115899
115911
115918
115928
115941
115941
115944
115950
115959
115963
115978
115988
116001
116001
116004
116018
116019
116031
116046
116048
116053
116053
116064
116070
116079
116083
116098
116100
116105
116113
116116
116130
116131
116143
116150
116152
116165
116165
116176
116182
116191
116195
116202
116212
116217
116225
116236
116250
116251
116255
116270
116272
116285
116293
116296
116310
116311
116323
116330
116340
116353
116361
116364
116370
116379
116383
116398
116400
116413
116421
116424
116438
116439
116451
116458
116468
116481
116481
116492
116498
116507
116511
116526
116536
116541
116549
116552
116566
116567
116579
116594
116604
116609
116609
116612
116626
116635
116639
116654
116656
116669
116669
116680
116694
116695
116707
116714
116724
116729
116737
116748
116754
116763
116767
116782
116784
116797
116805
116808
116822
116823
116835
116842
116852
116865
116865
116876
116882
116883
116887
116902
116912
116917
116925
116928
116934
116943
116955
116970
116972
116985
116985
116988
117002
117011
117023
117030
117040
117045
117045
117056
117062
117071
117075
117090
117092
117097
117105
117116
117130
117131
117143
117150
117152
117165
117173
117184
117190
117199
117203
117210
117220
117225
117233
117236
117250
117251
117255
117270
117280
117293
117293
117304
117310
117319
117323
117338
117348
117361
117369
117372
117386
117387
117391
117406
117416
117429
117429
117440
117446
117447
117451
117466
117476
117481
117489
117492
117498
117499
117511
117526
117528
117541
117541
117544
117550
117559
117571
117578
117588
117593
117601
117604
117618
117627
117631
117646
117648
117661
117661
117672
117686
117687
117699
117706
117716
117721
117729
117740
117746
117747
117751
117766
117768
117781
117781
117792
117798
117799
117811
117818
117828
117833
117841
117844
117858
117859
117871
117886
117888
117901
117901
117912
117918
117927
117939
117954
117956
117961
117969
117972
117986
117995
118007
118014
118016
118029
118029
118040
118046
118055
118059
118066
118068
118081
118089
118092
118098
118099
118111
118118
118128
118133
118141
118144
118150
118151
118163
118178
118180
118193
118193
118196
118210
118211
118215
118230
118240
118253
118253
118264
118270
118271
118283
118290
118300
118313
118321
118324
118330
118339
118343
118358
118368
118373
118381
118384
118398
118399
118411
118426
118428
118441
118441
118444
118458
118459
118471
118478
118488
118493
118493
118504
118510
118519
118523
118538
118540
118545
118545
118556
118570
118571
118575
118582
118592
118597
118605
118616
118622
118623
118627
118642
118644
118657
118665
118676
118682
118683
118695
118702
118712
118725
118733
118736
118742
118751
118755
118770
118780
118793
118793
118796
118810
118819
118831
118838
118848
118853
118853
118856
118870
118879
118883
118898
118900
118913
118913
118924
118938
118939
118951
118958
118968
118973
118981
118992
118998
119007
119011
119026
119028
119041
119041
119052
119058
119059
119071
119078
119088
119093
119101
119104
119110
119119
119123
119138
119140
119153
119161
119172
119178
119179
119191
119198
119208
119221
119229
119232
119238
119247
119251
119266
119276
119281
119281
119284
119298
119299
119311
119326
119328
119333
119333
119344
119350
119359
119371
119386
119388
119393
119401
119404
119418
119427
119439
119446
119448
119461
119461
119472
119486
119495
119499
119506
119516
119521
119529
119532
119546
119547
119551
119566
119568
119581
119581
119592
119598
119599
119611
119626
119636
119641
119649
119652
119666
119667
119679
119694
119696
119709
119709
119720
119726
119735
119747
119754
119764
119769
119769
119772
119786
119795
119799
119814
119816
119829
119829
119840
119854
119855
119867
119874
119876
119881
119889
119900
119906
119915
119919
119926
119928
119941
119949
119952
119966
119967
119979
119986
119996
120009
120009
120020
120026
120035
120039
120046
120056
120061
120069
120072
120086
120087
120091
120106
120108
120121
120129
120132
120146
120147
120159
120166
120176
120189
120189
120200
120206
120215
120219
120234
120244
120249
120257
120260
120266
120267
120279
120294
120296
120309
120309
120312
120326
120327
120339
120346
120356
120361
120361
120372
120378
120387
120399
120406
120416
120421
120429
120432
120446
120455
120459
120474
120476
120481
120481
120492
120506
120507
120519
120526
120528
120541
120541
120552
120558
120567
120571
120578
120588
120593
120601
120612
120618
120619
120623
120638
120640
120653
120661
120664
120678
120679
120683
120698
120708
120721
120721
120732
120738
120739
120751
120758
120768
120781
120781
120792
120798
120807
120811
120826
120836
120841
120849
120852
120858
120867
120879
120894
120896
120909
120909
120912
120926
120927
120939
120954
120956
120961
120961
120972
120978
120979
120991
120998
121008
121021
121029
121032
121038
121047
121051
121066
121076
121081
121089
121092
121098
121099
121111
121126
121128
121141
121141
121144
121158
121159
121171
121178
121188
121193
121193
121204
121210
121219
121231
121238
121240
121245
121253
121256
121270
121279
121283
121290
121292
121305
121305
121316
121330
121331
121335
121342
121352
121357
121365
121376
121382
121391
121395
121410
121412
121425
121433
121436
121450
121451
121455
121470
121480
121493
121493
121504
121510
121511
121523
121530
121540
121553
121553
121556
121562
121571
121575
121590
121600
121605
121613
121616
121622
121631
121635
121650
121652
121665
121665
121668
121682
121683
121695
121710
121712
121717
121717
121728
121734
121743
121755
121762
121772
121777
121777
121780
121794
121803
121807
121822
121824
121829
121837
121840
121854
121855
121867
121874
121876
121889
121889
121892
121906
121907
121919
121926
121936
121941
121941
121952
121958
121967
121979
121994
121996
122001
122009
122012
122026
122035
122039
122054
122056
122069
122069
122080
122094
122095
122107
122114
122116
122129
122137
122148
122154
122163
122167
122174
122184
122189
122197
122200
122214
122215
122219
122234
122236
122249
122249
122260
122266
122267
122279
122286
122296
122309
122309
122320
122326
122327
122331
122346
122356
122361
122369
122372
122378
122387
122391
122406
122416
122429
122429
122432
122446
122447
122459
122474
122476
122489
122489
122500
122506
122515
122527
122534
122544
122549
122549
122560
122574
122583
122587
122602
122604
122609
122617
122620
122634
122643
122647
122654
122656
122669
122669
122680
122694
122695
122707
122714
122716
122729
122729
122740
122754
122763
122767
122774
122784
122789
122797
122808
122814
122823
122827
122834
122836
122841
122849
122852
122866
122875
122879
122894
122896
122909
122909
122920
122934
122935
122947
122954
122956
122969
122977
122988
122994
123003
123007
123014
123024
123037
123045
123048
123062
123063
123067
123082
123084
123097
123097
123108
123114
123115
123127
123134
123144
123149
123157
123160
123166
123175
123179
123194
123196
123209
123209
123212
123226
123227
123239
123254
123264
123269
123269
123280
123286
123295
123307
123314
123324
123329
123337
123340
123354
123363
123367
123382
123384
123389
123397
123400
123414
123415
123427
123434
123436
123449
123449
123460
123474
123475
123487
123494
123496
123509
123509
123520
123534
123543
123547
123554
123564
123569
123577
123588
123594
123603
123607
123614
123624
123629
123637
123640
123654
123655
123659
123674
123676
123689
123697
123700
123706
123707
123719
123726
123736
123749
123749
123760
123766
123767
123779
123786
123796
123801
123809
123820
123826
123835
123839
123846
123856
123869
123877
123880
123894
123895
123899
123914
123916
123929
123937
123940
123946
123947
123959
123966
123976
123989
123989
124000
124006
124007
124011
124026
124036
124041
124049
124052
124058
124067
124079
124094
124096
124109
124109
124112
124126
124127
124139
124154
124156
124161
124161
124172
124178
124187
124199
124206
124216
124221
124229
124232
124246
124255
124259
124274
124276
124289
124289
124300
124314
124315
124327
124334
124344
124349
124357
124368
124374
124383
124387
124394
124396
124409
124417
124420
124434
124435
124439
124454
124464
124477
124477
124488
124494
124495
124507
124514
124524
124537
124537
124540
124546
124555
124559
124574
124584
124589
124597
124600
124614
124615
124627
124642
124644
124657
124657
124660
124674
124675
124687
124694
124704
124709
124709
124720
124726
124727
124739
124746
124756
124769
124769
124780
124786
124787
124791
124806
124816
124821
124829
124832
124838
124847
124851
124866
124876
124881
124889
124892
124898
124907
124919
124934
124936
124949
124949
124952
124966
124967
124979
124994
124996
125001
125001
125012
125018
125027
125039
125046
125056
125061
125061
125072
125078
125087
125091
125106
125108
125113
125121
125124
125138
125147
125151
125166
125168
125173
125181
125184
125198
125199
125211
125218
125220
125233
125233
125244
125258
125267
125271
125278
125288
125293
125301
125312
125318
125327
125331
125338
125348
125361
125369
125372
125386
125387
125391
125406
125408
125421
125429
125432
125438
125439
125451
125458
125468
125481
125481
125492
125498
125499
125511
125518
125528
125541
125541
125552
125558
125567
125571
125586
125596
125601
125609
125612
125618
125627
125631
125646
125656
125669
125669
125672
125686
125687
125691
125706
125708
125721
125729
125732
125746
125747
125751
125766
125768
125781
125781
125792
125798
125799
125811
125818
125828
125841
125841
125852
125858
125859
125871
125878
125888
125893
125901
125904
125910
125919
125923
125938
125948
125953
125961
125964
125970
125979
125983
125998
126008
126013
126021
126024
126038
126039
126051
126066
126068
126081
126081
126084
126098
126099
126111
126118
126128
126133
126133
126144
126150
126159
126171
126178
126188
126193
126193
126204
126210
126219
126223
126238
126240
126245
126253
126256
126270
126279
126283
126298
126300
126305
126313
126316
126330
126339
126351
126358
126360
126373
126373
126384
126398
126399
126411
126418
126420
126433
126441
126452
126458
126467
126471
126478
126488
126493
126501
126504
126518
126519
126523
126538
126540
126553
126561
126572
126578
126579
126591
126598
126608
126621
126621
126632
126638
126639
126651
126658
126668
126673
126681
126692
126698
126707
126711
126718
126728
126741
126749
126752
126766
126767
126771
126786
126788
126801
126809
126820
126826
126827
126839
126846
126856
126869
126869
126880
126886
126887
126891
126906
126916
126921
126929
126932
126938
126947
126951
126966
126968
126981
126981
126984
126998
126999
127011
127026
127028
127033
127033
127044
127050
127059
127071
127078
127088
127093
127101
127104
127118
127127
127131
127146
127148
127153
127161
127164
127178
127179
127191
127198
127200
127213
127213
127224
127238
127247
127251
127258
127268
127273
127281
127292
127298
127299
127303
127318
127320
127333
127341
127344
127358
127359
127363
127378
127380
127393
127393
127404
127410
127411
127423
127430
127440
127453
127453
127464
127470
127479
127483
127498
127508
127513
127521
127524
127538
127539
127551
127566
127568
127581
127581
127584
127598
127599
127611
127618
127628
127641
127641
127652
127658
127667
127671
127686
127696
127701
127709
127712
127718
127727
127739
127754
127756
127769
127769
127772
127786
127787
127799
127814
127816
127821
127821
127832
127838
127847
127859
127866
127876
127881
127889
127892
127906
127915
127919
127934
127936
127941
127949
127960
127974
127975
127987
127994
127996
128009
128009
128020
128034
128035
128047
128054
128056
128061
128069
128080
128086
128095
128099
128106
128116
128121
128129
128140
128146
128155
128159
128166
128168
128181
128189
128192
128206
128207
128211
128226
128228
128241
128249
128252
128258
128259
128271
128278
128288
128301
128301
128312
128318
128319
128331
128338
128348
128361
128361
128372
128378
128387
128391
128406
128416
128421
128429
128432
128438
128447
128459
128474
128476
128489
128489
128492
128506
128507
128519
128526
128536
128541
128541
128552
128558
128567
128571
128586
128596
128601
128609
128612
128626
128627
128639
128654
128656
128669
128669
128680
128686
128695
128707
128714
128724
128729
128729
128740
128746
128755
128759
128774
128776
128781
128789
128792
128806
128815
128827
128834
128836
128849
128849
128860
128874
128875
128879
128886
128896
128901
128909
128920
128926
128935
128939
128946
128948
128961
128969
128972
128986
128987
128991
129006
129008
129021
129021
129032
129038
129039
129051
129058
129068
129081
129081
129092
129098
129099
129111
129126
129136
129141
129149
129152
129158
129167
129171
129186
129196
129201
129209
129212
129226
129227
129239
129254
129256
129269
129269
129272
129286
129287
129299
129314
129316
129329
129329
129340
129346
129355
129367
129374
129384
129389
129389
129400
129406
129415
129427
129434
129444
129449
129449
129452
129466
129475
129479
129494
129496
129501
129509
129512
129518
129527
129531
129546
129556
129561
129569
129572
129586
129587
129599
129614
129616
129629
129629
129632
129646
129647
129659
129674
129676
129689
129689
129700
129706
129715
129727
129734
129744
129749
129749
129760
129766
129775
129787
129802
129804
129809
129817
129820
129834
129843
129847
129862
129864
129877
129877
129888
129902
129903
129915
129922
129924
129937
129937
129948
129962
129963
129967
129974
129984
129989
129997
130008
130014
130023
130027
130042
130044
130057
130065
130068
130082
130083
130087
130102
130112
130125
130125
130136
130142
130143
130155
130162
130172
130185
130185
130196
130202
130203
130215
130222
130232
130237
130245
130248
130254
130263
130267
130282
130292
130297
130305
130308
130322
130323
130335
130350
130352
130365
130365
130368
130382
130383
130395
130410
130412
130417
130417
130428
130434
130443
130455
130462
130472
130477
130477
130488
130494
130503
130507
130522
130532
130537
130545
130548
130554
130563
130575
130590
130592
130605
130605
130608
130622
130623
130635
130650
130652
130657
130657
130668
130674
130683
130695
130702
130712
130717
130725
130728
130742
130751
130755
130770
130772
130777
130785
130788
130802
130803
130815
130822
130824
130837
130837
130848
130862
130863
130867
130874
130884
130889
130897
130908
130922
130923
130927
130942
130944
130957
130957
130968
130974
130975
130987
130994
131004
131017
131017
131020
131026
131035
131039
131054
131064
131069
131077
131080
131086
131087
131099
131114
131116
131129
131129
131132
131146
131147
131159
131174
131184
131189
131189
131200
131206
131215
131219
131234
131236
131241
131249
131252
131266
131267
131279
131286
131288
131301
131301
131312
131326
131335
131339
131346
131356
131361
131369
131380
131386
131387
131391
131406
131408
131413
131421
131424
131438
131439
131451
131458
131460
131473
131473
131484
131498
131507
131511
131518
131528
131533
131541
131544
131558
131559
131563
131578
131580
131593
131601
131612
131618
131619
131631
131638
131648
131661
131661
131664
131670
131679
131683
131698
131708
131713
131713
131716
131730
131731
131743
131750
131760
131765
131765
131776
131782
131791
131803
131818
131820
131825
131833
131836
131850
131851
131863
131870
131872
131885
131885
131896
131910
131919
131923
131930
131940
131945
131953
131964
131970
131971
131975
131990
131992
132005
132013
132016
132022
132023
132035
132042
132052
132065
132065
132076
132082
132091
132095
132110
132120
132125
132133
132136
132142
132143
132155
132170
132172
132185
132185
132188
132202
132203
132215
132222
132232
132237
132237
132248
132254
132263
132275
132282
132284
132289
132297
132300
132306
132315
132319
132334
132344
132357
132357
132360
132374
132375
132387
132402
132404
132409
132409
132420
132426
132435
132447
132454
132464
132469
132469
132472
132486
132495
132499
132514
132516
132521
132529
132540
132554
132555
132567
132574
132576
132589
132589
132600
132614
132623
132627
132634
132644
132649
132657
132668
132674
132683
132687
132694
132704
132709
132717
132720
132734
132735
132739
132754
132756
132769
132777
132780
132786
132787
132799
132806
132816
132829
132829
132840
132846
132847
132859
132866
132876
132889
132897
132900
132906
132915
132919
132934
132944
132949
132957
132960
132966
132975
132979
132994
133004
133017
133017
133020
133034
133035
133047
133062
133064
133077
133077
133080
133094
133095
133107
133114
133124
133129
133129
133140
133146
133155
133167
133182
133184
133189
133197
133200
133214
133223
133227
133234
133236
133249
133249
133252
133266
133267
133279
133286
133296
133301
133301
133312
133318
133327
133339
133346
133348
133353
133361
133364
133378
133387
133391
133406
133408
133413
133421
133432
133446
133447
133459
133466
133468
133481
133481
133492
133506
133515
133519
133526
133536
133541
133549
133560
133566
133575
133579
133594
133596
133609
133617
133620
133634
133635
133639
133654
133656
133669
133669
133680
133686
133687
133699
133706
133716
133721
133729
133732
133738
133747
133751
133766
133776
133781
133789
133792
133806
133807
133819
133834
133836
133849
133849
133852
133866
133867
133879
133886
133896
133901
133901
133912
133918
133927
133939
133946
133948
133953
133961
133964
133978
133987
133991
134006
134008
134021
134021
134032
134046
134047
134059
134066
134068
134073
134081
134092
134098
134107
134111
134118
134120
134133
134141
134144
134158
134159
134163
134170
134172
134185
134185
134196
134210
134211
134223
134230
134240
134245
134253
134264
134270
134279
134283
134290
134300
134313
134321
134324
134338
134339
134343
134358
134368
134381
134381
134392
134398
134399
134411
134418
134428
134433
134441
134444
134450
134459
134463
134478
134488
134493
134493
134496
134510
134511
134523
134538
134540
134553
134553
134564
134570
134579
134591
134598
134608
134613
134613
134624
134630
134639
134643
134658
134660
134665
134673
134676
134690
134699
134703
134710
134712
134725
134725
134736
134750
134751
134755
134762
134772
134777
134785
134796
134802
134811
134815
134822
134824
134837
134845
134848
134862
134863
134867
134882
134884
134897
134905
134916
134922
134923
134935
134942
134952
134965
134965
134976
134982
134983
134987
135002
135012
135017
135025
135028
135034
135043
135047
135062
135064
135077
135077
135080
135094
135095
135099
135114
135116
135129
135129
135140
135146
135147
135159
135166
135176
135189
135189
135200
135206
135207
135211
135226
135236
135241
135249
135252
135258
135259
135271
135286
135288
135301
135301
135304
135318
135319
135331
135338
135348
135353
135353
135364
135370
135379
135391
135398
135400
135405
135413
135416
135430
135439
135443
135458
135460
135465
135465
135476
135490
135491
135503
135510
135512
135525
135525
135536
135550
135551
135555
135562
135572
135577
135585
135596
135602
135611
135615
135622
135632
135637
135645
135648
135662
135663
135667
135682
135684
135697
135705
135708
135722
135723
135727
135742
135752
135765
135765
135776
135782
135783
135795
135802
135812
135817
135817
135820
135834
135835
135847
135862
135864
135877
135877
135880
135886
135895
135907
135914
135924
135929
135929
135940
135946
135955
135967
135974
135984
135989
135989
136000
136006
136007
136011
136026
136036
136041
136049
136052
136058
136067
136071
136086
136096
136101
136101
136104
136118
136119
136131
136146
136148
136161
136161
136164
136178
136179
136191
136206
136208
136221
136221
136232
136238
136247
136259
136266
136276
136281
136281
136292
136298
136307
136319
136326
136336
136341
136349
136352
136366
136375
136379
136394
136396
136401
136409
136420
136434
136435
136447
136454
136456
136469
136469
136480
136494
136495
136499
136506
136516
136521
136529
136540
136546
136555
136559
136574
136576
136589
136597
136600
136614
136615
136619
136634
136636
136649
136657
136660
136674
136675
136679
136686
136696
136709
136709
136720
136726
136727
136739
136746
136756
136769
136769
136780
136786
136787
136791
136806
136816
136821
136829
136832
136838
136847
136851
136866
136868
136881
136881
136884
136898
136899
136911
136926
136928
136941
136941
136944
136958
136959
136971
136978
136988
137001
137001
137012
137018
137019
137031
137038
137048
137061
137061
137072
137078
137087
137091
137106
137116
137121
137129
137132
137138
137147
137159
137174
137176
137189
137189
137192
137206
137207
137219
137234
137236
137249
137249
137252
137266
137275
137287
137294
137304
137309
137309
137320
137334
137343
137347
137362
137364
137369
137369
137380
137394
137395
137407
137414
137424
137429
137437
137448
137454
137463
137467
137474
137484
137497
137505
137508
137522
137523
137527
137542
137544
137557
137557
137568
137574
137575
137587
137594
137604
137617
137617
137620
137626
137635
137639
137654
137664
137669
137677
137680
137686
137687
137699
137714
137716
137729
137729
137732
137746
137747
137759
137766
137776
137781
137781
137792
137798
137807
137819
137826
137836
137841
137849
137852
137866
137875
137879
137894
137896
137901
137909
137912
137926
137927
137939
137954
137956
137969
137969
137972
137986
137995
138007
138014
138024
138029
138029
138040
138046
138055
138067
138082
138084
138089
138097
138100
138114
138123
138127
138142
138144
138157
138157
138168
138182
138183
138195
138202
138204
138217
138225
138236
138242
138251
138255
138262
138272
138277
138285
138288
138302
138303
138307
138322
138324
138337
138345
138348
138362
138363
138375
138382
138392
138405
138405
138416
138422
138423
138427
138442
138452
138457
138465
138468
138474
138483
138487
138502
138504
138517
138517
138520
138534
138535
138547
138562
138564
138577
138577
138588
138594
138603
138615
138622
138632
138637
138637
138640
138654
138663
138667
138682
138684
138689
138697
138700
138714
138715
138727
138734
138736
138749
138749
138760
138774
138783
138787
138794
138804
138809
138817
138828
138834
138835
138839
138854
138856
138861
138869
138872
138886
138895
138899
138914
138916
138929
138929
138940
138954
138955
138967
138974
138976
138989
138997
139008
139014
139023
139027
139034
139044
139049
139057
139060
139074
139075
139079
139094
139096
139109
139109
139120
139126
139127
139139
139146
139156
139161
139169
139172
139178
139179
139191
139206
139208
139221
139221
139224
139230
139239
139251
139258
139260
139265
139273
139276
139290
139291
139303
139310
139312
139325
139325
139336
139342
139351
139355
139362
139372
139377
139385
139396
139410
139411
139415
139430
139432
139445
139453
139456
139462
139463
139475
139482
139492
139505
139505
139516
139522
139531
139535
139550
139560
139565
139573
139576
139582
139591
139595
139610
139612
139625
139625
139628
139642
139643
139655
139662
139672
139677
139677
139688
139702
139703
139715
139722
139724
139737
139737
139748
139754
139763
139775
139782
139792
139797
139805
139808
139822
139831
139835
139842
139844
139857
139857
139868
139874
139883
139887
139894
139904
139909
139917
139920
139934
139935
139939
139954
139956
139969
139969
139980
139986
139987
139999
140006
140016
140021
140029
140032
140038
140047
140059
140074
140076
140089
140089
140092
140106
140107
140119
140126
140136
140141
140141
140152
140166
140175
140179
140194
140196
140201
140201
140212
140226
140227
140239
140246
140248
140261
140261
140272
140278
140287
140291
140298
140308
140313
140321
140324
140338
140339
140343
140358
140368
140381
140381
140392
140398
