3614090120
2741382602
1340241745
4049342704
2129073719
4909282435
1716140111
1431462504
4112330916
1817273540
3644211305
1906344942
2504180735
4319303940
2318070221
2015271334
1805330223
2029213307
3708493145
3132122848
4643413734
3026442749
2048343904
3136042218
3435231606
1910262122
3246060813
2347414215
4313102038
2711160308
1014433247
4337201018
4926283111
4349404844
1844024749
0534471220
1847493217
2201440926
4118131429
2347164835
2816392303
2713194023
2423300618
4014462707
2724374601
3445184424
4829023609
3218170629
1332122833
1439244947
1019473533
3040132126
0143241527
2809374146
2915011230
2419102815
1304214323
2022464009
1445291241
1742442716
4128170433
2629093538
1649103825
4431260113
3431254622
2318100603
1644021035
0728272333
0616312640
0140174342
4214151303
1038200413
4222471638
2540303606
0444322214
2609453143
0717292621
2233314115
2445190146
2240233709
0318134328
3632114625
3404050921
1341342115
1628362443
2532040841
2507130908
4514014243
0105434122
0132081524
2103092710
0844294345
4203362849
2141323837
2923221301
0806360434
3141321413
2511073303
3627083947
4727052446
4024221343
0504233041
4038320431
1103302932
4713300918
0537164203
0724183405
2209421532
4734453510
0537453821
4336082203
4135472622
1602284014
0926084846
0308403932
4018392417
4909352301
4941080940
4841373243
0625210533
4333361202
3706152117
0646471101
2816371902
1605411136
3235192343
4532194936
0238431403
0330102939
2709381820
2240211245
2625124908
1107434514
0534421610
2814391238
2342113113
4009221345
0641281634
2806073202
1912282945
4047381121
1841392137
2049142604
2719052628
0833224519
0526301537
4236012025
4316040630
3540064615
1201324231
4140282136
1720150504
1941052233
1808052138
3026483201
4432254727
2032092301
3304124918
0716481510
1811414517
0607393814
0248160741
4433050113
2102484110
3508062502
4619330148
1837171430
3842012240
1001424035
4301374702
0720353730
3303472920
3525180839
0442294514
3029171319
0129450616
3937342606
2022444111
0116203226
3623452824
3429413718
2418193310
3646380830
3631013733
4645083018
4304394027
4533202406
1714020834
2134272529
3334194036
1936204002
1612453411
2715160442
0402481233
3528461418
3646290328
3844202933
0738163647
4248321216
3933123009
2040301606
1318082415
0712041318
4648142135
4432081423
4003354247
0511202210
2532351736
3349440825
0912402314
2135191533
2432220417
0126182012
1631064615
0907142738
1121391706
1026451528
3429450109
0602444312
0211210136
4130172616
3526450440
0615243826
4918282443
3513070623
2223350305
2524441101
4906251742
4616204108
2603023314
4023300233
4901091425
3911052941
3912381126
4025020346
4333322641
3022053517
0411382821
1905411524
4533164003
2439110643
4422332717
2831234108
0434403536
3544293710
2737193644
1232290738
4828091730
1608174831
3407433344
3121371028
3137243914
4408242526
1335304412
3602072539
0531213738
2337081409
3916192912
2905241910
2126371635
3222174319
3839031701
3238260423
2040460344
1315033532
1933293217
2741232504
1404383425
2130080706
3441482345
3715092813
4207361340
0334021713
4727252309
0405200717
3227081311
2329404915
2649450316
1305432515
4813152423
0613404515
0741313204
1221391127
1726391909
0148130605
2216113714
2824034209
3816321229
4520212646
2343224133
0918034528
1906380837
1529420133
3618374245
4716104327
2610093034
2147244933
2925144110
1711410924
3705014912
1020182432
1605463338
1312344140
0816440749
4904401122
2836422644
4701450930
1838052230
2540213406
4318171446
4736423045
0608422707
0213194105
1934262704
3948194614
2542013645
2305024704
4003073325
3433180630
4533070634
4131401148
3829204028
1839022334
1149360919
3507323822
2223454209
2706162446
3530103707
1348400637
3033222926
4531153248
3046470645
3321372231
0447214436
4507113723
0317310502
0512320747
4701023424
0510251949
1627392932
2624113341
3719323620
3616042047
2247452428
2824364527
3925160611
1925124544
1634280411
3515484409
1821190528
1043060446
0641160103
0806273733
2940394621
2545200648
1946170343
3416210240
2714370933
1511092236
2923411605
1916461338
2902414710
3024054017
2825241441
3414112441
1910322013
0723113944
4149013516
1635370319
3932241327
2701473039
1644252624
3402402941
2118471007
4229381246
4118400121
1723374425
4905342741
1625140717
1721433715
3201491238
1928430325
0922433415
3708012610
3427221837
2805222513
2029261108
1832400708
0913022910
1413183322
4526332711
2526421202
1324021519
4925121604
0701104544
3235421101
1207103447
2949342625
3345173011
3506380413
2904063907
1716143236
4031382328
2203014440
2625042832
0332061937
2244400541
2320302136
1538414526
0530170144
1340371739
0215074606
1345014212
2241050111
2711401013
4112064727
3633154147
3705071638
1431013927
3348200803
2006160429
1325141820
2123122413
3842354340
2609343922
0930131705
3042381541
2747404129
1901354903
3745231907
1123482442
2149221531
2611032243
0634222019
3626184132
2113264612
2110370811
3526290338
3922321804
4822100237
4415203029
3309344524
4103483118
3405032024
0221130116
0122454003
4927152919
2614313302
4619454247
3640273811
3323031939
1625012602
1520451704
3614492913
4808181311
0814433748
1028041115
3214492313
1307313643
4825164614
0240044437
0639312216
3130283417
0224033927
1427111735
4541330823
0807190427
4333391131
3431090335
4948051747
1136102231
2309222436
1112463236
2719123715
1549241329
3832101709
1605494302
2240013532
2312471518
0223083048
3944482025
3623013117
2109331342
3936294738
0138194929
0907443623
3415262532
0106121008
1023024334
0336301624
3235172802
3941163136
3643422328
0710281112
2742334537
4223133526
4109373834
4214213348
4829012516
1443263028
3235314808
4347383630
3106493426
2902424904
1124011502
4731160339
3916061021
4633314918
4537223334
3741271712
2543182203
4448133312
1708231237
1847110230
3802133220
0238443542
2413473721
1217464238
3506020320
1518170531
4544322906
3835230344
1413180448
1337270539
1209203025
1547164503
3144213022
2002074227
4028271204
2538143215
1642360308
1144330449
3604413340
4020461916
1301274835
1540012302
1442051611
1345183230
1501282410
1340410312
0717221023
4241071347
0742390905
4630120310
2721191345
0336470417
4036384417
2140493122
0849294503
2303080401
0313044105
2804272938
1812012630
1713150439
2004191705
3237431025
0841204612
0611070504
3822031141
4332181346
2645182306
1905384726
2735421837
0446411216
0743234847
1504314544
0933102403
1446312537
4911260107
3811370118
4305142012
3943101706
3321262822
2702230836
0912434633
4741093736
2203181728
3932443705
2016401124
1030452213
3504271503
3045322526
1422472021
0205030143
1445342738
1529381933
2715350514
2723161747
4143091146
3831354203
4514262838
1348032622
4228373803
4429110713
2523040140
0849420902
0526142823
1802213410
4021283208
1541181733
0610220721
1735244706
3806334323
1347220332
0620312241
1219013244
1223371310
0524074635
1523274329
1510164643
1726340430
1304242110
2823034031
2610112301
2320320714
3238363427
1534223316
0943032915
0738230917
1145442731
2022400203
2049401731
3524102648
0502332128
3620210946
2502493201
4435320833
3135400948
1338024504
1531412743
0608493525
3122370601
2706442322
2010134303
1433443112
2345064817
0339064809
1327063108
3604121301
4849362421
2643063629
4140302817
3533403711
4734123031
2747040532
3437101830
4349463411
4715462911
3044423913
1630290710
0818360129
3223090613
3541401122
3706162804
0614494009
3803091128
1915440424
1330332536
3312240715
3414323146
1523164130
0943154410
3220224714
0421172326
2712112901
3038040946
3347142017
0517253829
4748203916
3506091447
2419350742
4633150649
1724280115
3835042214
3213154603
0436401041
4749091614
1324331811
0131382629
3722461301
3322094425
0920350401
1743230226
3306432537
0746312909
3513164107
4132332526
1501232246
4205122921
3738021417
0137254517
0743331101
4001300838
3339254308
3641451307
2447214413
2922171943
1142094915
2039332116
2249280316
1316182019
3949231936
4941092816
0844144829
4943462723
1322402831
2127094911
0722082605
0715180825
4306462705
3208462209
1632443837
0225442808
2537071047
0442372343
1843160733
4345210309
2724161047
3228472022
4830052611
4711152438
2732124230
2047492631
3933432231
1046023328
1444281817
4149421912
4716113707
1627410135
4535243748
2123193649
4048150903
1548234945
3043482415
1448442420
2948422826
3743314522
4311142317
4649320533
3321492646
4703352206
0835291203
0248404617
2412173830
0927262936
3231442709
2822271423
4104353310
1629313901
1030182704
0811122648
3928034206
3449092538
2924044607
1734270341
2426350901
4422173802
2442160932
0912290221
0436113146
3313493622
2811023343
1718362147
3539204842
4628213949
0244413446
4342092146
2809350842
4434254729
1536284902
4601241809
1815010438
3237160608
3613440148
2311434910
0518260936
1737232502
1911084849
1340021035
4502012731
4148181124
3449363923
2340262229
4839240815
0107380314
0645191211
3613240742
1637180534
4448073013
2901394018
4426182147
1015434505
0608314536
2439021348
1337484528
0807222838
2138320333
3104143707
2420313606
3504142346
1949314438
3321411832
4305234917
2139050215
2312152746
0706412516
2444181715
3842280327
4015160609
3915234930
4608261338
0430131839
0131112223
2042433319
2822071639
1047202821
1243072327
3537411539
1433391511
1312033730
2033464012
2420221901
2032361927
3916472824
4147221707
0302294801
0141130318
3318192223
1734234009
2339362730
0811073730
4947420103
3928153827
1049261501
0431110306
1249082016
0635364224
3807484328
0338012316
0401211246
2112201132
4715490709
3335400502
3020160344
0237432125
2442044705
0304384607
1227383319
4007212530
0918433222
4111042907
0112232207
0821043139
0137174420
1705120615
1613010520
3407272319
4431073814
2218332811
3121082729
3542073328
0209171425
0141322427
0633173439
0522310224
4120163802
4010292043
0938182649
4410184522
1625143503
1847071348
2740031433
2435452817
2723443405
4414263409
0401231425
2602203418
1417350542
1604100605
1231324445
3904084327
3405281329
3543092810
1304034106
1721221604
3617422841
2627492133
0327410837
4911412140
3916462824
4542274948
3129412522
3246133315
4621322614
1826472435
3025341410
0748050323
4640060325
3813330325
3528150323
4926353428
0102264407
3836493912
1527480934
4528223020
4836132044
3301231246
0715110523
0430292615
0937213404
3423490920
0231493343
1134384312
3120451232
2343371239
2024301109
2105022319
4633103407
4333483128
3741270845
3727302245
3247452924
1926232227
1034153305
0125100233
4532150239
4203392034
2745353644
2718201138
0407112208
2732054003
3615240222
0709292510
4129144808
4514412516
1504213036
0314343122
4721483940
2840102343
4623292116
1224184416
3546100114
1713310346
0416342249
2043472710
0438123141
0631401836
4007413846
3908134910
0540152028
3247103503
3938073226
0246273705
0542011913
4711290409
4940211044
3739093311
0829362511
4722241238
1105203024
2638142127
3647174937
3327024104
0527023548
4146022226
4944311333
4805150227
2438084231
4138103511
2915013111
4802051324
2629344231
3215193738
1836203222
4911132528
4336313017
4512303620
3426374102
0106192341
4110484322
4535344023
1209214538
2535330522
4704381508
2602232024
2204273645
4328224149
4637440406
1311224619
1128124814
4307483115
4435043239
4928182040
1110413748
4622103920
2448324122
1933412427