333242161549
360916272512
411614181021
292803010637
244739424535
280724353223
023334280823
091932212017
244013094725
312647101248
314909302926
264349404838
113634143542
284008091747
072406120214
383619053907
203449214643
224012462910
291227040211
281526421443
063223194701
472105203741
493421193204
392508074340
124043083148
373903072627
151726321218
054410411114
052534122014
422141292431
414325230418
234929113837
192925240638
244847060239
164046394337
132635304743
110927184626
343215161729
440748324018
323307353630
452048443149
411327184206
290435231724
164806220501
034710254026
410111461948
232934472141
471710011635
060907430849
262704182042
453439211330
462536041628
353644391325
182617231201
342603170414
433338142739
440716292628
301817072247
052744033509
123602013031
301902102237
291441172812
460139113221
492921114807
012711242037
243901163515
224745263525
060735464509
300301330902
201540130223
461511400803
392730191349
431948010307
230246423238
241217461430
141829303227
334832051618
320839070140
141733010737
053417351324
203528130145
103725043605
121305173138
391418161042
472040210734
174214231535
213514241203
454337254746
411816043407
411316481438
493127403820
421629133540
344937140342
152827113703
143603172522
233303453911
100208211531
104926113402
410244054719
371331482528
451718082420
444927482432
321409054803
084119370332
212706473005
100232442049
144327464220
072841090240
361904211841
070310113817
044634051849
490621101707
113538284415
430831091035
203437250116
360633264238
440506223033
173823450921
190131223909
324408241402
243611034235
181112431034
413028464219
013709121110
023240333447
231644380441
034012374642
233739412126
224117300301
260308461925
133014101938
403931202904
493527083938
054147334617
073231422346
131506293301
374014081831
384513271241
024703174431
082246021016
392619050618
311532053034
190835043406
033338094802
333138454710
424622204834
382545443117
282410072538
152444341613
341724393735
024133143437
383101142616
342639353717
052124361909
260939334442
160311290512
200740164737
032546110537
290737053108
060319083722
271013084135
324831262549
090816114028
413927143533
173343322841
311425151128
202714011543
451948033032
464237310744
214715044025
452822152141
171038440427
441425031534
431903024228
282420464942
392537333217
022015043944
343023194847
351634022924
361730234238
442917262722
192916480902
083322431730
203206382714
223308313413
231101164015
431834161720
074441393229
462511334828
303141421928
092844404211
454042210835
114106203947
043303452801
164624192330
394019300734
392126482811
252808423746
363829210328
273306361705
310648150411
053937340918
024728401342
453814190918
252311490324
304739114038
212502044601
152434424012
380805390128
313628401435
421840302103
020630051518
232530062408
013429493324
180405114831
081631103426
380125490222
243627310834
100841394602
081028203345
181523254102
472130102839
074121390217
454923480633
040519011720
264028124347
381005123549
311243491825
463716480918
452739311801
170314361143
391432192026
443745160302
221312190815
071434403644
141348293046
393513480841
293130171041
073238303635
093244083331
183536381331
122546233819
471335411929
211346453238
083432364644
322026404938
412429063304
240241384223
392048083324
224036032039
083033470646
213106121711
032215043323
312713293411
121438172845
210631011311
232616253345
103904202415
234615022047
350223210317
170424212734
361422023531
082438203431
454436332018
062833294337
352911092405
083734203929
420629131205
471537051129
431328074518
123345141503
141002420548
204038313729
324026120334
154003413416
080313402217
170310463513
280426223531
310933294638
354116224723
142749244744
171527482803
253949231145
093210221501
304306344607
022916222135
362701050831
470315400726
104634213548
090248434120
224919044123
083247363027
260339380221
351239312605
082736124935
031621223532
210420014836
270240033623
061548193249
011503311942
134704262327
422537284633
141902034009
081627291817
102548033341
414910441523
393844091106
261205210846
360226071742
492344360705
440833363411
372820074702
422028102412
463917130923
203305352634
260741440525
160430112413
174636032130
362518192144
343946194445
341745364207
150310301748
093938481215
234615342026
064841103446
324448092712
312933351246
021708272628
104612210809
104224281536
140835333847
363514493848
361004091915
273742263834
181249202515
110624362530
233413383044
232714363533
164124052631
170426462315
104635094027
022229210320
380115262818
194304304231
460229102011
111508414927
344037053036
273224134421
101144404547
313344344638
314710422643
272012054341
381930244221
472911444224
214249261315
400537133236
194943474202
194616111026
394322300641
264425331235
062005173901
164735212201
424534072420
384937363231
070138342706
200421484017
393349014540
462029414912
230136322803
260623203331
262017074729
144603350229
391103080629
480237363305
294909442507
052445322009
101732483704
482010134305
392931061027
424932043736
392030123336
403015470536
154108403606
314435190941
043517142018
191622293039
050710364913
214623441043
171443053130
043921021332
252824274532
330845344121
262702381642
432217320107
194422480838
372516174539
174710251327
240911260220
384302362530
014828121145
270448462333
071425433924
424703301543
063616213348
332530401035
132510182026
453918381611
123818274322
021840142713
091626034021
440832414339
371021172220
330818033015
260335144634
310607451503
074537201605
024826070449
020538322140
333448081401
114703281438
173024053544
023508494433
460436253134
263309082305
312329401509
224844254721
300408154941
302911214405
403217153442
181231263721
114915044137
054408312237
492013460410
261539124837
454715122218
231022280541
022749250312
110421493414
032406360225
274335131136
344109444803
113045362529
282533111208
214610383612
132242114047
152232494120
462608233801
300315331304
042027160934
430414261647
311207244341
194927033909
364632414335
023037221408
434630361338
490941243637
390126272149
153435044428
153334304246
032045082741
444313184528
402128412743
311435244404
322312163638
164922271924
353716331410
151026413435
013122072136
354438430624
183904150135
373928054649
251933021740
384402290710
031747044436
084320190112
432205021925
130832033637
341003150537
161123030807
171044054226
461812402108
384113091015
451709361026
422030284139
282435194429
102925350108
081004260928
340914302516
480147360216
391036411624
233111440543
162501030745
012514382404
053128163506
260115472335
070412252048
320807261904
304032464416
312137291505
441330241141
174734351648
411410471609
043738484107
382204473031
170146052530
341848384614
030413151119
300837092434
423543211802
362241093519
302923451110
160248273607
230517302843
323039101133
112028093512
482036113732
482713183128
240934264004
203106043937
451118472627
034129134443
424139132111
081548403042
104630294404
282124403017
491206460507
434512294607
052033091348
261732334410
294510151625
180447350946
284914361219
081927473133
251932302102
214048151813
412534304546
130643182739
042144064305
033115093411
154901082319
041801142330
151328051437
453234263144
323449461925
224125333830
430601141524
343646391032
143005452207
390515033440
473604392413
014418303913
423520280438
352743033042
474811373342
023616172439
414916433537
474430230242
392243022632
112944142137
304528490635
043340051037
090311351312
362416102342
334249450305
384744480336
421520484608
453732094031
283819360133
402439123623
424736453448
070226243208
273128381645
332708300719
224744334634
490536161406
154227443529
423733243619
314948263603
132203211131
174005314341
144025134922
330548271238
222934284825
400706321009
132923020841
083125343914
101423224249
073612100830
030702283704
073426170208
113728164641
270920070525
324630434435
194008262542
411149481007
383234232533
080349482931
480539213541
193416374146
472008282119
340904062415
251112441316
040116361903
133123422640
470314210632
011345292041
454943043902
020542490327
204321071331
044225172606
433817191421
432040162627
311323240819
330943080422
373829330916
324921140137
043420381137
441527072814
373824203221
342225451819
164502313837
252023213940
201808271645
010627263445
483034134516
372129401144
200329180543
390125190646
202447222531
023739234022
334236181611
032705081029
151724042538
214104104219
092614314624
012313160521
162010452603
292006211117
394616050145
174905013114
040208110538
110326354249
122037293336
081246184429
190929364330
012224251237
112918481040
471540433341
140728081935
303315294439
311041353825
232943114922
072035470503
240422160206
244228350932
283935121303
161912082149
280401133048
184405252835
291703201615
190147322428
041312494225
092049043211
064202202910
332432310716
091811194733
294505280634
042826231603
084544212527
132705322912
141048380703
380213394015
392743293545
071231260132
222930492035
404449073202
340905041841
373005022415
474440012524
134617294911
413446172219
122017332341
243931141646
243743091440
200829120705
152129160332
284648140936
431140172908
411138190125
304934104238
424517332337
022237360934
482710174138
303335344304
102235413905
412606051308
033204173715
101923144831
162348384145
153430390833
113901143645
191710164628
080614122202
150522030829
054112290242
113716341319
444703411339
270408182905
111341072526
080137360216
163841110744
172735360749
320703162904
141633244044
450946273608
101829372401
363209223942
024106361234
033836052315
232605321419
241511271432
230405211115
254515371809
443704190121
273717464541
470316153645
344241384047
130619200349
263645371812
091427023633
052004354606
474540362524
032701211334
310221184223
190541234313
243522311005
314749021527
454140320917
352742090805
344049384517
063038202109
372811080506
401447353221
081217260530
274216483909
262511160613
173932124238
343145423330
100840444818
242509474345
394216264624
043408213042
032515342732
472948012737
354015143306
233628162238
272623073805
191247011138
040131080622
244808383027
140326092332
043120360732
384633080143
492333442628
354123052242
271349184441
413418480616
043545131537
044340293806
332119130129
041611334127
190836242847
363515241917
261823403101
390741261623
352501114140
284642393136
161119060410
024739273701
273901351406
372335404802
091314280726
461825134529
493336432507
030631394413
463234313013
374022094233
333225114328
084120382431
423220104136
153045461806
162233080248
254039443341
442724104538
041309301926
150129343841
473215213323
352607383928
172112493830
411520434811
174219234344
254513071002
022145294308
323529272119
343326152407
350538250618
201107094022
024435490426
454702243520
092703304731
430425242649
074127081510
084806094721
402848450122
142830464045
141230174806
144726043929
380416072145
253031444147
054434421526
452548490428
091908301439
260635020103
452302382717
362647480319
063734451420
011207352342
290605381417
061647152004
213402441346
350233483038
291046181431
142628040944
222605071103
190110481837
344306372601
110610472207
014247291812
472719404411
240117392647
372039362845
414919150821
371121103507
052520272645
461140104223
260125090320
464801414921
280638311741
261327181011
363734470508
152241101145
391547383711
370324381911
224814070911
203228040308
343647140923
020301394136
202304142546
301525463533
372516031418
392324294522
133114391630
302206344035
314146352515
303136020932
084945102528
193529162510
350605103024
212243371916
304339262425
423501074903
262243014947
384202123707
190337473417
320922142418
352345400239
340111041028
223106012005
174619403537
341929364502
321147353628
261118133127
102932252641
143405122910
443315052734
290633361241
293810124514
460806323605
024544091513
334330451248
011638422915
044447222008
373833072716
014622093912
054002030730
130910041525
202140281914
412744461240
433106151118
164121341338
213919101735
040643464512
032135414340
311823320940
464138474327
432420353846
074714450832
413408074214
230944170535
102043264639
381402342203
361308153441
263907190821
092320112746
483542143616
470243122213
173027141645
212925203948
261624313830
052730454442
181223364438
131631250426
034743231408
343215223101
402546303931
171811164841
014536214846
311443250613
092416433021
474424294505
043642284147
250639451533
430520473436
320343202112
213429381344
384304443507
143048311302
382027482922
362921022412
113225330142
261322213632
153133051426
072629481609
401319454641
042830424329
124402374532
273343120532
034414383433
052515443821
372038363024
280349194826
303731063809
493814290535
462630343748
192137360328
082206264220
380835461840
164424392547
343644101842
332744454734
073243382109
231847393309
211437184311
281318194120
254407093747
200318242831
354917013718
120535432308
440905021001
113012324436
473248364431
234710452401
340129402230
080227481514
451308330722
134017322116
124320102636
332520391338
394716274428
214304033116
121846082810
050802424038
282119251512
081928213630
294432363126
434520291526
180640481231
333811143228
381226320645
233218211510
422108204522
280313044706
131703494326
163803431835
053416473040
261124324633
430936022227
171133323731
302738191320
351940373427
481921404941
264814392830
493923220917
321804193107
231222461644
292826384734
021905321130
172505414839
460910313222
401620063009
301619393408
333237090105
392143254046
341547034606
263913072818
084722143331
154026322927
130920281001
412434060832
383305162845
084806141332
271710183233
314029213004
270446140644
193348284920
202331223515
484917272806
494833471228
070940362438
263828202723
071734192740
140731100401
281143040348
103412272821
064327152210
170734090835
083941273317
061340301136
120231174835
180744492547
381735104823
322714022547
184223071406
063402120442
074840444534
313210380627
400517432901
492301071730
333405250626
124008294911
103318191302
113633061720
054626333506
250148201218
084803292306
151307202135
221142194331
384126334320
444927132316
373115244427
374427091049
020120494710
232426414034
154213171638
392444171145
250232181107
103107382821
034233312604
491217102616
321143250902
380134051041
340804442342
054637273326
073810201140
322307291031
123745280134
084010342401
390319302110
032635340127
311628362921
122438180225
032009191704
101520010719
180114420438
353338254730
410535421601
331141151434
064605380940
373539441003
081304102019
100326232717
211322340529
102001242309
183546443612
180430172144
063605134118
210847131629
314835434909
341036351837
413940112206
072412251531
474634111223
483445420703
252733134236
462636312943
142647153301
154628332326
272919423210
024628493519
484403180442
381828141003
200916192249
231612063742
132512402226
033018343812
343045432444
173922410942
270930241229
041519350338
384332490239
372342471006
202241061349
240845172733
310406463216
422739471143
283742174620
414710024827
460944142418
443001121021
442934374003
404934092324
360717434726
152503074019
061020173045
090547061630
380106044944
382448141317
444549292024
403034292646
450524354249
010923053116
210441264902
421549060421
440212141628
341713414010
133506423748
411537244608
244845071335
183725471721
093204061239
272419410549
371347264442
452732483315
393618143705
151005294817
290223224216
070834411905
423309372740
482334022105
404936440225
460614043108
261621494628
352142360313
112632044708
091411173029
064449463042
211217372707
332709214912
114713404505
010844393304
420619341645
234013072231
271811060235
273609464424
013532083345
164031203523
124822181940
492631281101
010239242030
411231281607
453934284825
313612261810
263027354744
382010194922
154642340816
431745143842
193240303548
374834400336
380842470126
202546341741
452629490147
281527264635
491429041538
493720440534
103637031530
161201052834
221339350634
430635274811
113216424947
341224332839
264647394018
173718423607
051843171014
422009231731
132901313702
451217461601
423719152804
134845024027
152321011341
322009124644
244906093845
400149374334
241511280601
112343312601
203130090432
041811462442
251918244846
221601020845
252012261418
321423220244
073028411537
454007021713
052238012909
422409201726
141143403204
141846353306
164140221339
201322193705
262720081807
494309280601
403312270524
304412293345
161407252117
282604144902
464544031032
302829311047
152444164518
394929091220
064220270105
284722112617
472409193622
314620160726
172036064203
220413052029
080317071810
482149031441
333936144431
093943042131
291520233935
434247153124
393833084246
381608292419
481941341417
294236124745
163921412444
343149272404
491920310933
064936130843
360526200433
100519062411
482125011542
091545371734
142249151210
214238170716
041912233709
030233493206
380747434114
453732291549
112044432225
043628204206
260836400533
072245161348
451214324634
212845163435
342730110502
081402011238
010828344539
460226371643
232439470921
194601082916
152628323020
423530023626
074748260938
062435111334
133411494508
064730104105
433229071925
072220134931
211840314548
450125304814
384531422141
170639111646
424547091820
293319464421
193306181604
240749192146
091347381612
124820251002
120723253247
070328224423
134629434517
250441022248
023416400810
073808112622
102922023541
150917342722
402232131937
333119090139
250244121310
343839450942
382512204326
030937191032
250210262344
371307313503
143613271708
323402072913
404245332823
213034024245
352137274330
293601023541
351326110515
344249011906
341220081309
321208342830
460540014727
380128081904
051008091120
210539323836
383105042033
060832272924
393109362243
341942494628
253401460624
114830133137
473645223942
321839223001
142235462345
233844484709
084244322227
351031230633
393115053406
221338074634
113904341603
123817161814
122902160448
124424372011
441332164933
362510264116
330320411106
463411201605
152706332624
153111072744
341508182233
122430013811
270936224623
041312473542
151002081328
162519090402
362433381507
153829184306
100201040936
482540132416
233219162607
473521304914
100842034605
024739133609
434838144921
141727163739
313326400337
123439174015
391842110825
262145250638
082125483431
223038152520
344909172230
160301331032
322949234522
103901374048
180437424623
432945063224
392011230327
034917431101
160224044544
064604190842
354731420434
472123073746
023923381713
441237312402
090703310449
410446313243
024512433841
331814100703
471904103044
481405450629
141026211940
250546222101
182407412747
234033101403
344404434503
053219453413
290127451740
460317442537
352618141742
132648413029
202931481734
421203452647
211044070536
081248190245
031927162414
093413250745
091634173603
053907281843
174028374430
372444354612
400136412826
080737344428
313638220204
132136231605
492035164725
480105092427
161411402704
262145240235
053544173723
280219434123
421734144810
450941063920
353619280715
083749292435
190125202239
383926414536
362531293237
232107113127
241627013725
412709083210
334716423735
350405490302
283631340702
040610393121
064409453741
054534312837
012718261614
344111440547
193240203728
312422463537
082536122206
051009304228
112832403824
450925294715
060227461009
373228062634
340145393512
153506041109
352403382310
443630242340
081726354421
431204091810
370236283306
013021122048
173801482307
191426162245
062027390433
413836302745
054912221030
443233424329
481423383934
274922031826
012610413021
391945303533
391617372740
384024354827
371031133229
120635423403
463747220645
223048132017
464715304303
343513231214
454944091625
152502483806
150731112701
483919472340
024320270345
323116363041
314823153719
303527390828
363407293118
253604014722
181936130611
150924253621
211924270229
460625320704
320349222914
343937361942
273410374539
064345411028
180627384946
150713202427
462301361522
301032494229
040619133033
234020091918
102039020522
351523062039
074402171527
140206370116
370343472325
091041290317
404817292305
250921132943
393141362247
404116440345
294923162225
491217474643
462144063817
343909273522
193604052313
440426030912
164925201409
302723113536
383745213146
144349120518
322709042238
041112104135
271630361041
360301230848
041820154728
461623271445
263127294302
203201223517
053033210302
114948150647
113902480320
183646280510
303210410801
041830194521
143321030824
191732282301
342135054722
114145083738
054944091325
062516213801
084016462305
231136324215
313942300435
230227184814
384312372247
212701083344
124818234245
343810022435
360212170704
294933281038
304149232402
040718154426
343930084221
091430202640
064910463302
484149434221
314326150625
332713301444
202927481024
122024294833
391043470249
191720022648
350929403820
454841293220
114215341304
350224270546
160243420949
403347231639
180817412133
203342440131
143020463128
310824453611
321207103448
493548094433
031316462307
200342230206
392229033344
284716492923
312904154736
403436064207
321427221239
023746422719
262842094010
110106271447
352646242225
253436010433
012511244110
211512364129
491823311446
163528251809
391112100546
064632200839
281140184812
283546012245
462338481916
042723034812
234220461138
431426071730
321609103414
334548403619
151138094918
431915320123
293343274446
470139370540
100218484229
113246280121
203346170127
493625184410
123216144543
114006393010
324349153629
182127013734
034645281841
222342432814
222519112002
270248473508
452919260908
451934261604
303501444946
352343371745
011306332237
182229492109
312610153716
033113394409
351547490912
301939310805
362821240725
013541400907
354132113306
413420084803
073427470232
212429044425
383218423534
211819494424
130221221827
222301310429
151134233318
094801154407
031715301047
013146021428
033127234932
460205151630
224514463206
451125311404
352539463823
360917162518
103112084801
070246340310
272022024733
164431381445
432820302633
270103233317
411622082444
372301303408
151610233005
173224482647
062307282426
033134042606
202934361605
173305460824
292145201312
432837194207
454134190844
183819222315
423613300540
292717111820
244844123921
094240314449
453324171001
184648323010
443047091135
430813160142
371624321327
161214040547
023822463325
121923153735
243435274245
280913184219
354004332907
134532460823
480907352304
392348020919
102631344145
343120221427
144917164841
052419184512
144204472937
192541231639
231911414044
060320412615
100913193407
070201203733
454930371101
471812333444
414427372943
410618131742
024549220318
400943070604
330228081424
400536353020
154322192341
473449423548
080116264535
093839344936
272405332904
344907193847
142817463426
044927411831
231336173743
070810274611
301027010343
441609450718
443645283730
290211061233
253001442324
410447444213
103722294643
404309020119
454102091211
104420471322
194006463408
364432341706
370324414019
390835443306
442404143833
021708093436
222010042544
311230222816
220338214932
302924130207
174702213304
283701221304
484144290439
020425092313
382439161706
343915253709
394205033341
451842073425
390747103026
370331254310
354449123631
043423262144
134115344642
171524412049
101523404746
090627132825
341406301107
423917043308
493126481335
463608071512
053932493412
352149144029
053213213722
241018474146
424621310224
463019454111
114821261704
011539193008
393435304524
272836480818
043044153436
250638492907
091413333046
104231352028
104704011846
184844062843
321943203446
463012054237
412413224202
464724174518
073315373417
481436214606
080447440609
230124314448
422029433130
244441471542
473632442608
443135183749
321201172643
362747353944
074630374742
264345041001
064428192118
463303114306
111532472440
041338433110
362541392432
123002474821
474526174303
451518441442
053323362712
213104484244
160644043315
482418114249
052707283245
422403182810
113303430916
111217293049
370110054438
301702123918
431208030736
211748043931
223340182306
030829311846
314403093427
221507171819
141049190511
413820494021
452148253338
284122334906
094704074446
121606074146
120732090329
454337284416
042248151108
191225484704
182309042840
142837160702
400501104925
223925104120
430814120717
421607463026
252207042631
072936301847
233136143547
293140214401
064742110340
152213212707
352827393033
433549120207
152619472735
452511393837
230849114744
371436410111
084143334415
282127063108
303839193710
194537090231
454335021229
340427490636
284022023731
114845354631
242012050735
454601320911
011931430435
484521431638
491421042402
040149232609
404206351910
314833040543
143037134944
063147444010
194502251046
014102254849
490219342911
363520082410
113520492338
113812310406
330940230141
361021294705
383607451216
172903391247
202429211518
324308253528
022423060110
271710490503
330331253407
122348033815
122823264916
033201131646
072312383910
282118140737
332642130641
470215051108
323502364426
102612093017
492721340516
422920333047
380539204237
493539254614
451207332322
452702032125
303802120103
031113222834
100511021518
452249481206
303717254610
060814312032
120911350737
332615352244
010842034504
033013374311
102418170426
034909234808
332549314845
420640450728
154741380629
034736263932
111806072842
260904191146
070140050220
071744254737
470720092302
084806121541
100131341436
411146342609
170420444906
214633150722
153335091940
440533013922
113101473204
152447382845
311432071124
312040300329
402822302949
230441122602
071831281015
404532471608
472434482140
200937390603
490915373602
201002412634
342027130545
364020192814
070834382941
250711272418
484442280106
161708291442
280634222018
034807152318
272214243707
032919273037
381932311524
322324370347
202606213430
420522394634
460902220511
304737353629
421910160813
262014332307
342035403028
024019084501
463731361539
030537394602
112449063835
182046142715
180914491211
170522033541
063935173631
444219162239
292238023716
232004400207
044813364716
261825054616
384037011006
442246191441
070520432141
450110231125
223247263708
012029474421
404302273933
253744354219
111745042620
463447193504
492447222320
431304022336
304112281904
372636163512
044129191823
202721314236
190906152431
051535474227
163209130346
211215301631
330712422706
090416123829
263718342822
201521260948
293239233017
393433322123
401430393728
073544292041
101728160933
051149224124
184228133134
243810052341
260439250948
432547411029
141708281910
161415014027
311211410923
012807114833
381413484207
222539240518
143631472345
484549061329
382517341213
301934033213
062333010436
402106261508
212630244442
263403163038
381701351629
232044053230
311936061504
243612403043
161213112945
350338322318
392743164529
193303353727
390936200124
042920103237
031045202746
340709221037
120327111326
201204383921
274106343946
364220094729
214538201512
113239162328
191533160711
013341083938
400138024704
324238033427
350429180128
140901493003
340446360307
032213452507
194834211540
154237304719
082211064943
064213494332
251441352313
154416380323
192833031042
453022102832
162702423205
142825021215
153318231348
234342212518
151830213934
011848072123
131638424604
224220280739
482324312005
254911194608
241421421541
374005443517
280601020407
203610182601
163411242628
113415302912
440905461238
020527494532
152438402126
352145110513
351844240237
150634303911
171604093801
124613252417
241909410131
371306044228
053749170844
153712042447
153033210618
141617204743
084239342405
464237301410
151029253034
374245222401
431746423848
164042123003
030143380915
422212083444
183123362511
183613120720
120327373317
412724324913
261511084748
081707222902
354728300424
344113232609
361615260432
383909054502
363744164134
103745464822
162432264446
080248291017
123736220508
221216022932
024511473633
363138111634
322628104235
061643232205
271940092232
264421470445
464831253812
281203094943
102236263816
461342402504
024618203925
024905233807
253632472622
182110484245
163127302203
354419320525
012729494622
333648070821
233105092043
342412323646
431612154928
031606220109
374049043036
261243223525
244914124704
344503261439
392129284027
124928381134
253047102621
164345044229
271607392922
464926174124
411929080312
360232384405
194014042033
483417494514
163114292803
224603014145
244008272126
331934374838
292110330740
154101390816
464110173002
140426324020
094845432816
333617282906
100201093128
252936422202
450721201405
281310253329
334708201530
123234040648
254235464906
472519111021
480904180247
261146293609
253323432028
090341312228
154210050316
011844092232
244105332201
034308021142
152448014239
241841251039
320411060123
374208250748
313528144718
220803422337
460214233517
423026154136
202324404739
020414301643
412134321322
382540174116
012325020444
191339274231
163139030508
084918421712
062421373039
442915263448
213830432402
434531303935
132349152136
173516052244
283513194345
033201351948
134649383707
044230024340
331643271244
263422142716
162032142545
011002381132
130804322836
103436220342
361009271926
034323140910
114030280517
293238190603
223846160507
032717134504
360348334708
173805142520
401707264446
461542291248
413130134504
491130264214
203241072327
484512092908
434218272813
154919223521
053128481333
204315120627
352202070612
461319493008
434546152931
282326053415
160520382143
282129233013
101837474008
090626292735
334312414540
161203133936
103716442238
374739254921
462930281348
094025111418
191011293121
112243331449
231349083001
044544100817
324101283625
211109103337
342718463543
240533384323
280130291023
132948252131
443136430635
241523474836
392249143436
032441071330
233526390745
223643074147
404426181314
054232143925
220107331631
013749392738
300639214231
453836204304
341904320718
091838302739
170713364938
113936400409
411514421338
423826363105
221712044403
393308010414
411531193221
180135362116
280216390947
314842340523
242232230905
281539351233
391603231838
410521294636
191505314328
440714171549
052734090319
094649252924
291346253247
270120430533
390430074214
304645031805
060927340136
443135302505
333110391121
014207271138
182347421606
113742194607
340926012033
490828153525
403922354336
142709463502
393320372540
402122264712
181430240428
274918052309
473241351715
324735253930
493741242044
103825321537
310333291945
133735264209
240530434723
301531094808
492316130409
144525440718
031706372943
372714344707
361121413943
453219430226
394618454025
341440041625
330717162725
033109183738
182136013435
360521020318
433235070502
142721344626
353003172732
290938122324
402801301020
350603223125
364413034139
411720231215
024421251943
093513122939
104846362232
343914460422
204806174922
200731011321
412217013702
440814342718
254303374102
160527203412
453109241604
022928182241
250441292630
361832453521
413113340837
062815460943
060526384219
053308461845
450144033832
371636430314
160111063943
201101134136
203340291434
351948163932
370210011230
181133421922
043332351001
134025110729
390624073144
034211401319
290415343922
040142211519
163209390441
270339130109
420646153419
083644072502
442326012217
353933150517
464511183014
014003430609
340936472444
081512012123
233021010946
022229374727
433913223025
372503431234
333708070249
283136031908
482428060110
070148442208
401145264410
342937384127
341435364941
352133270207
464548092705
433248294531
054014012124
123320263518
363549411604
400448183042
212717104243
041526140734
343228014031
202623383448
183001120739
170731392041
194301480602
023543291227
193920351803
493842083031
393302464906
314037414927
111815043132
224217114549
201348244127
392033293840
442016270739
023120382112
341131272216
392734033629
382039274106
464224472506
442206412009
434632071917
490803313004
131518282216
184317120432
222014012703
401519322609
331416214326
324508312230
304011291710
020408283515
201004163749
204222041849
324523092634
373147340214
254913481522
332143194035
412804451605
442920164836
252842084715
424122212947
043747281415
213922151928
491213160434
071335240948
382027433530
100827193635
153239234817
013711401639
374812091324
404133214909
373431402309
290826274138
050402384039
213842240732
363543300538
333419074914
271348073344
450728143621
130946054122
320716170337
471019202437
272528302403
450337161349
254707321618
192730310445
223824403727
101726472812
392817084104
344642370829
123507304736
113924144523
032104362635
450814072641
263214052903
454303302139
324043472404
291445083726
281317290710
204533402239
013135204811
114045144234
372628163145
203536250446
263135491412
141615402506
332315184301
253902034801
134425363204
272609234332
172421413243
252821234609
224342303339
412837183506
080326071315
114233233045
424644360603
321705162719
251119050129
024544301122
144030284632
462704133025
240221271611
252103282716
034045213416
334022373631
124519393147
494306304807
104117493130
463207312520
463225124043
063419281108
263704471815
200134452815
441318073809
392016262410
312003251143
024512071009
273611104323
162548141543
324634490143
174938392721
221925313904
274248023422
344403331520
083043341926
411626101713
492128043729
284342403315
211123462522
424816124537
303421400318
411723124426
413428471905
392009453617
483530424115
350308123231
090714414437
403731430116
061625174919
380142061536
470646201128
141131372049
350422401201
162303320444
283640101912
303420081224
390405434118
493630331116
403921471108
394548130328
041307423634
111914164630
202543083738
280613424732
161708262333
464925303740
324445380924
453211210147
414736051728
404831053445
372733324946
022704153926
411234253609
272506401837
093226470140
232104414231
311628131418
341640461126
452518121304
252646090127
054201442108
341044184716
493617433705
111030162514
394428232545
392003320445
142418353025
431033064123
430710462613
140224432746
072204010844
320430262902
091843401746
064939274017
390125462108
462533473144
410722311510
261821241723
194313101830
412507132028
163534071932
043829152709
333842372721
311036134424
034414251021
012025061134
272949071028
211623414325
451028190838
284320293019
064713440721
053613400633
384245352049
104748141128
271330482435
053307393136
190703493945
412511270413
063429031415
082810494224
311921200638
051442194026
230322352139
352104113826
150614201029
172946450627
013802241320
100548391126
391746430821
243218362705
364843021611
394330380537
121927384309
312037191105
223314094737
421832460726
310701480203
181731131437
301209164942
302938480519
081522232617
114645320242
200518481719
044831103529
021243474506
114139283808
121813310142
344436461230
470531383930
422817040106
314926151106
424719040817
224935011310
080705393816
072034252608
493417184442
461530432201
394933230917
280218473226
052118294209
044115473538
461126063202
444346232812
443426480318
292328392441
381215474407
361016204823
193224014922
110430221202
141536293918
372646210848
204131421323
120421393146
320815050929
132431231746
331249041839
130108022316
402132180412
430948304627
093518060817
213227470234
373013353645
014113141006
282326492906
172115030612
103216363917
093743012030
433412094206
453724272005
124737204240
070612173444
384145474422
194002242733
133110283419
060432474526
301036261704
134828452112
322007131801
482515460402
361123264608
283502452633
430134353206
050816044641
211426093822
164436132742
142108193025
173416371114
482316402546
350703220649
374210414319
473033400208
454236323923
252227380229
041543102125
120838224536
143632081823
083728312211
411339144731
412232180442
134422460338
492012422823
484337222026
273633152931
114934282443
250204220514
323520290842
443037314506
382749060247
020440170714
252742043924
152805363045
122839291120
163422390801
452501163742
181936202514
052007042209
273212152035
400638452809
163538472840
020542250919
382307434813
031524372340
214006331339
034535483332
092940160146
482941391509
021233062418
123704240106
443421450603
333903243835
030822233102
212538051630
163149414421
322319241012
240941211004
034931411517
061015240407
094317452547
350629311248
320512184925
223213311428
272220404206
372933164131
274349441838
141947024031
124622074043
063230424146
420729441722
230415291318
110625134632
171435054101
222335393804
151439093432
230324250444
160742264331
431623413339
484614103601
203837260214
193340473607
070621274409
103601182712
351403072431
173746331642
012411212739
480121354630
132624473931
371007144842
381905393214
234042134106
442224181548
294134330524
430118142421
431241271120
423510030602
261704081216
353731391907
302142373402
394834192307
022638461639
301020310304
202144460507
473549331312
184125011303
361038242746
364821232238
313919054302
221229410738
042714104202
024939414540
324441172229
324217134544
360548134934
263804154248
053107361828
473918403444
230705484632
301824192817
190541252742
221545110614
111603460126
324440242535
114636352647
424439410632
444010222707
153246400213
442724151409
434023020517
494514340236
241309471042
191402320135
471727392946
252638122409
010718063932
291107173905
142219412143
490826313724
262449271532
284209332213
252243083447
320737161920
240147301615
390705364840
082404222545
192412042903
170236434023
412216192732
410520481615
043210441527
161306021915
050143473949
160434444841
132337034447
123507371041
422437010848
032023473007
481036434931
290831153419
473320441922
322814291645
194723104103
241306392043
132741024220
400434234403
092944141705
234921430538
064146043012
321931250509
062526343621
330710482213
430727422813
124948222839
053413290104
470106451618
440846161705
044530073417
101716012748
062412194345
323411401939
214740264138
252748030134
382112402409
221346063945
031633193135
114630382545
133230140501
274336301914
053001443626
480243081840
110242123910
412707010409
373438151627
102812254305
191410120903
120718063909
074831263227
354920133605
132314113539
093110481824
394937400914
424745493004
323016272005
420533131947
191429160633
072840410403
480607381304
192737261040
102934371601
430547184401
444835430820
410717480411
163747054346
252336094846
472009292145
382149443431
442115491340
332416462105
151924443527
324806383633
394311294519
230228061418
221530471917
161845042310
293943044140
443443311746
491021060108
343344413638
044230454116
271142481843
310438371841
163819300434
114936150919
493825170811
243601091737
091938183644
220216130929
404224322329
404102491208
270233150710
153825160102
024131462016
063537482945
133631480437
132232341420
213441314929
044644481614
190422411835
153249011114
480813201843
173813080207
464836401810
013346431330
070918164305
310946411338
440949281108
083934064710
142533442712
481902164923
082439410403
381032271729
143721273825
492905333902
391522122447
372820470708
373943242347
401914331244
071638030218
234705062749
144731093806
061343212819
460837313804
123332090447
313548124413
200609414535
040726312147
141539452042
461049142416
382827341709
160847103132
173921282648
461520013341
422719013110
260106054303
221319414227
042615480931
020922493135
191101461513
471201303729
122113111842
134625311738
342908154840
480605341304
182302243842
380219444109
254912181541
454318194942
233013073825
040617274201
434120223849
091332262937
012846183602
492636092438
203048253649
462315482521
313836230443
241918324105
450137331205
452103131511
340702211814
422930353822
101324493021
164222034932
451310302737
181927423506
473239330216
283122183442
191215173620
481612462228
170822073840
372034151201
322031140344
263018114817
352805181903
360108094443
033607244917
172316184248
391710343316
043309393536
093738290240
094029080737
180541490320
470705241202
012018443833
442648401504
394107154642
372812194634
450926061322
261346114721
204807062410
112923284212
492919410644
321635310149
281027264647
274336350329
152502111914
213747084114
100925331206
134206034110
123626211102
211715051307
113819033113
433713084502
093610013332
494028173213
060226082036
164209452833
333236212731
493047032712
013923114434
260424054814
334501203443
391728463825
103312340446
301248340417
061335433145
172119160705
260532020641
260411214302
250704480629
392923131226
121732010713
283616312907
013646134321
034531153211
043615111340
134342454430
311347240639
472717063404
332549273422
450240162213
153207163917
490119184706
422135414838
420132474115
462521081315
444705352031
233246350639
323938434435
204549263706
072026392806
103207332430
381937440928
223605023832
444115334530
130130470314
392238103641
293932282709
381243312416
424321230822
491425151911
490413060210
071117300104
010424252235
342441031816
261423184331
194306050118
451011282204
230436192911
242623413610
430314110646
221620010402
153906162911
454219122523
423025351015
392419460603
181335194506
431047194430
290305130801
274140434437
121314353610
440923291931
274332244807
040826143842
273226063924
383933301712
251122022816
123921453214
072706383311
084340120227
104927333603
450424433709
153212210227
172047293922
492306241738
133305462102
230137344209
381540461926
354340273217
022125090546
144403114038
232036461417
190802272120
020824102639
191213414043
034535184928
494341073801
113508142023
242240254213
093917294728
330204360325
494124334638
230709272641
352633114937
060420393113
304045102247
404535210538
213833144919
490618444048
143806432001
461924034821
091719361322
423811101415
132243161518
023314013437
461527282501
061335242037
390927152623
184914233822
490447094543
183929090737
434832111327
182904154205
453213184340
314402414921
460914013527
304603073919
394015092732
431029012721
410931111004
054739442301
151327121109
054445071702
442201072428
041007381124
293725331308
493618173201
323429434504
303509441920
103147381427
143236110723
401049471543
014222234304
380107054935
473646323714
291908442340
013812071425
373027184929
210347351715
394644122240
151703010208
042840461029
090744482043
083539142043
124945302440
443009174114
274720310806
081434490629
094610261825
074635224821
274817042040
032434454406
442104084532
082609350523
030426194330
480349200741
312508194424
441342263832
234245303326
343523432412
204909403204
353629313714
102334404803
460745093821
431209021022
402025494511
453204080307
372535320817
373428364822
050242202735
154742111335
222011284415
341411362648
163102042813
222421474001
231716481237
064032133804
024016460820
394222370905
293425151412
143127453544
344048442837
104733394241
183339440415
064711344238
191502454929
033009461915
301847143149
370605014636
361817162039
333901420823
023935030625
230316473542
433606493128
280622192004
404504230816
022712432816
214701280605
213922064442
174021342716
111649222135
090834361501
013120301135
153726112007
064046272111
250634160742
294515073312
273016374912
474543042705
411438290436
012710221323
191337381721
364525124248
094831433422
393023141605
043012092345
350415304614
424016252818
473945123721
113735073303
281523071947
054914263801
234036053210
170722033948
134422401131
251842393244
191040032220
491413180440
192730171229
423830064608
082549210514
404338281939
084102141125
200323391838
033315434702
343042203509
311249234336
123629163720
072647271630
363032472839
110237251835
092818133015
190725200410
143906411640
274423323118
081725452314
100648420832
171432331623
441936054907
254815204704
394312340841
464233410739
243118392007
271602051018
144045480502
492136402820
334003010645
262943073401
263849480735
031121481639
480217133116
151330120722
494328410506
242206253117
231147493018
173340351221
033613444221
094438072116
270529341632
360908371732
311640221411
384709011229
433526310325
464436400113
400722013803
342939072831
110118252446
192637323347
184929230832
070301133928
393536172509
470329040838
100302292612
482336160617
024647431034
412206230125
280207204626
070620031423
490603482241
453610194814
472814333137
012503431008
030906284431
181419052312
080441092635
441330190511
033023411946
272602344114
214439061122
242730464207
482823404404
091230283546
443514103006
141032262319
474624172813
393224044102
353617284706
282129053236
474024480516
414243443811
483008372721
274606151941
351840070604
072128444720
201204022722
223136160635
261901231804
163627493305
414523422048
414923060818
243406294523
073111343349
024335172808
412735204415
341748284110
044410243332
362907232042
492837174113
234945311119
043315274403
451224072647
461847352312
471904294834
111839173324
403710311220
362124234414
243644032312
234247084125
172932041646
282227491906
121318012047
092637414411
010631324643
261201224014
480145333020
123845110618
082613441724
180108090306
282302273513
034035142630
494811300734
082645310613
050637413320
323809263505
051740203702
244311164810
141611440730
170635360142
490647342309
311047363442
081030022206
172541072713
391112420446
430134474228
341537073521
334618133914
251532432224
171127263618
364037160110
072202461509
361228114143
431533033205
433608170710
424523321204
462802254535
142934130417
013113444014
224331180402
394608171007
412935480718
444229480510
481522471146
052008460733
410226121117
141020413111
112306351741
082340101925
433005362445
070640254510
082306112714
451112092338
320408291013
043023184839
041903164820
144505122910
051744240201
382041023547
092634273918
042846341041
343811172723
040148262549
014405114342
310733321330
011833254717
434129364925
411114244634
240506271932
091814424806
451217352415
202634304224
423047291034
233818362130
412414322205
330511472604
411928291244
254516203902
013117201008
330447202808
312307423419
164324300515
284135182445
034904213612
351145364131
153814450604
094231191843
361343110537
331710204416
391618483031
351138332526
361606353247
272617393644
074237472534
424312283007
362123064710
370629092511
211330394328
134828071045
180408371040
184943341639
302001460640
363437411126
070801042316
293040172209
221029162730
090243042137
481124322331
334511443510
301535014605
190407343829
324137383028
470625283826
434726081401
224212440405
384531170507
012935134304
283847404521
410809142434
444724423739
360744310945
250512100901
302425424703
030934011830
242529343909
254322494839
373829242617
201903421812
172309353902
054348232502
413729063344
102708063936
453827290347
410407233919
361016261701
312716460126
250718242743
322428294638
023220012246
232108472720
044414370234
484021311720
050711472513
441342333721
311609232026
284235011345
043720252630
183508440321
170128334531
242527284913
152503262205
182803073446
022918394144
491214364003
353247020946
152302332438
353309231931
082240093814
473911430410
443012401006
371607083115
354836233940
074334473301
051217272104
300225320131
451013483437
093338164515
310713322342
494515423601
461012490307
423520241826
402835342733
440916382307
424914341202
421615222644
200442014016
243809231834
090224481847
300737484908
494036164128
463435154302
082746100633
383739293505
453314011649
270616154137
231035120519
421447453507
242028120129
434717113414
134130013625
183438150744
064401252642
343114281120
020747263005
293323222534
124031282614
113623272428
404516184312
150218283431
132704063924
491404461620
084845442630
264936230737
211417104413
173947214036
171601300238
212933154406
342416054549
341314453746
313626434921
251234430504
041138284909
462725431431
092510351213
021534251719
074319494430
362834251222
420840131926
221640070104
360543284503
053135281807
383311372036
440627091110
490430284809
351744244619
191249363420
384918230337
314426391808
444106451549
030116391340
170321274234
063623162045
133020074603
194932042603
304044203847
421814042001
344201243927
094538222647
374710083216
103924361542
020649432210
210819102843
472640150649
343242132937
010636283738
194945274416
032228380705
350906290711
351847090406
262229453617
112119323640
353124470932
414005161915
041410220937
213235160333
441035052408
201338291248
243749324640
393227370640
390803302205
250507301934
411330010936
192349120735
073130421304
184334163519
093919153708
401737190302
232705084307
431946324502
360312010825
091742403349
090845114448
242209443501
271848420401
271237320725
183930381219
290941171335
210644474620
033641211140
101401201742
160230492825
033621191535
060548341039
214924090646
323121404913
340210054016
024229472809
033436483701
450421393617
050721324449
310622280914
443228434608
401125080618
084930061536
101421132830
400218461047
314937413915
491304141230
023622232125
013341390811
231401333536
302114130316
371239334618
122933311020
211931012814
382734481409
450215053938
152233094014
371326031836
310107453533
013823373529
072240112324
134535204619
360442263129
340838480930
161803450621
373827210642
213824324237
273643481445
414930041208
321446180525
480925173110
302604234836
104428060139
251901211531
103224031846
231742293602
440420191031
193547200616
084211441338
234741014014
074147194030
021812352409
061239161145
473244183025
380426234811
220711033826
051434384625
370526170218
400219033249
384205272306
411633032009
192038391218
282012042701
170543354749
430938040739
470702321708
212903492723
414001454624
061143322934
254416373412
361513261911
084613393226
060408451109
493830013124
293215281434
323806334736
330109410337
071625081928
074517053147
010543090827
334149030213
032436064322
194803371746
374202493019
120705134734
434002453325
220927062432
012012283015
243202234647
271522140437
172007321610
011034164846
454326494619
023421453241
171633030515
401336052749
304913444518
284209383510
261829492143
311215053336
403047234306
060549204134
330845270549
403123383248
013644213841
101914014825
473834301945
301815453317
303615340121
241601051808
082414053938
040528111043
062910174033
033049484129
223715043539
030130120636
262919304913
032609110514
340141232227
162521313338
431117393807
062123323701
442431250428
241348084237
091424050236
404836352310
040633130827
120739080402
462238074217
284249403729
054039214743
483011331308
064805033401
350627492110
410206374801
464741490714
162209494704
392741430735
100338200724
124230091044
230215054312
382125460524
193101182434
490722162812
312138372632
454449154721
432017212618
291837264401
240619222540
490245191643
373133142944
040716322045
301901214108
401346453223
132806333043
332029254735
301846493221
083749181517
340337241704
474229080141
373831394818
463116350515
434131291522
213336241806
401839154312
234417321215
192632132837
201541031638
372702190647
160740102047
193234452616
054426452747
252407490446
163932140945
202430363229
141236031928
114003292312
374911022817
283608402117
443148132014
462227200537
493018433337
191311322038
183406083202
454320162521
280420441946
082322352413
301702424945
392219154427
290338460920
240123191549
254908140935
390210033814
372841200403
132506240419
192601094303
374623482438
164849224423
293610181507
492321420804
114431364548
200828031425
431528351317
124511221334
222009263432
291437024638
023442402848
253726480211
422120242818
313005440806
240813064202
393720274345
192932040744
193607433802
452920140836
384606044034
464325160818
451033212037
491811024620
303511224001
311549460341
390832222116
370814401528
243429384602
444911174216
432119103546
102329374712
421047263049
111605332519
241815452803
323001384340
414823090429
334828322317
171505434507
030713354627
091945291831
162343242726
174030162038
093642112723
102446183504
264546072508
264125373845
384223361103
161446113827
403634392241
190446351517
181631213840
053719254410
110546220134
490540282016
263708201909
101920443906
233944403842
271149413548
170718244510
280403244838
340944421526
162928442038
041830193702
400623211935
211938112309
163736382743
374504433841
100425341447
143034383312
310420320842
173328214927
473727191843
431804451207
032326130411
363347142648
373219480141
052445183427
470735490230
173236311629
062224471149
140134040845
194638303401
361046412408
494142391802
341205463343
290108313334
362206484102
110110181625
362934101319
240616412619
301842022417
213931063308
244401173840
110419022213
171645372515
354120493314
033122134227
081737032839
192630204507
340913423502
184929133107
493835022129
363522163718
143216031548
042627321812
083045282637
033309250847
173730482335
402118224644
144241300925
430105482425
273116191524
173632423305
012231024327
223949251017
493828344344
240312014241
160807401927
404642303343
013415222616
404313222327
302023322124
410239080733
200532030742
471925314037
340643081201
023821311144
344211273643
060508344548
101431094820
362502030528
261310373016
010820484516
201445120339
072641334943
184638221016
110409083214
173433240815
121641082120
213705194447
211948240105
244722332013
282529354326
324206240528
043146491648
221119363021
054049263318
202145391716
391648363240
061304184424
231615091234
081706282905
254236140105
073137050623
244014180212
264630294924
201523254712
140631250919
281032230103
033527162529
014424463841
042427293044
354616333132
271115362520
381123492531
490420081610
334118354537
171418370336
423639072715
253403053238
451902093143
404432332648
362039170611
483319122431
381036022647
290842480747
404107223628
084516120329
262325471502
134804331107
492016243701
273640082446
194614382111
211324032012
462310333017
321908070442
261524062725
071705151404
321404190941
072436310544
493947161234
160317330907
131743052942
043536161138
431747083830
141821264235
271601482210
243740311435
160706402833
012016302934
152345174331
280518351629
361607034131
140531464348
162329310542
284921201939
283437394632
042632093549
204133352516
114845363427
233008294149
361047324502
213137380803
471141032922
340508414611
470123381804
184101284303
113226294924
181908481412
231039271840
382124433602
401645224414
060407184315
111701251946
302327152935
442314430349
450433491521
321240273601
343341124048
370308232409
430926491641
260444210310
103912421124
031029492533
471631491815
444238480822
401715060814
472635461322
184721070238
113338461335
413215480546
203415443822
333749391230
143118451315
142228182335
404621131209
023910434642
210439152324
020444291901
360234382232
134841432232
190311461216
181104141320
441216404323
261709433425
182333441934
061916463405
182447012021
413442251401
164308420636
362825272340
042536290210
134622273712
242049481326
184641163531
432202011532
382437392035
162606154904
071102272410
240609160820
382631232243
262025470827
420711292839
071248250503
264514203609
070625461309
024846213514
274339351221
053814301333
133407291538
311525263846
480123323921
170640160409
334727204508
234208330227
333807491710
442043481745
313048390716
294238183937
283844074033
294317161548
183408022817
332905151924
133001472117
063537381311
013207273116
102949260639
052941420647
410948104536
430714134845
102245123413
023248264435
322342342109
302343204447
210638283029
153508033427
404829063702
421344102422
103318014826
023927344830
472224390910
283911430641
421544381708
073503483130
394208112927
464440212534
063731150522
421145223525
032504354715
223741194426
311820072827
203703263605
173347032619
371426253903
294330464540
363920331619
164404183519
384744390908
344735214119
384946131116
272801303407
022331143818
133512192122
150811141610
324622040517
173002324509
372427170633
414330263128
121536250217
232503021519
120135372638
210622463344
341540091816
294803264508
382240310516
163114361141
032034171422
054430282704
343818320443
160407261749
044232330801
081626093140
221208154841
242503071546
121807390821
084438303409
230442403516
311332074921
103142011547
473309433538
143744052733
193511132046
291008241340
193948152803
474915362409
181746444025
361543292238
210425244519
441945070543
222924344321
484711322817
364744161511
122627343822
162535220249
104215161904
214636323825
172641372818
431136272248
053518012739
291607353230
370935200221
143543450701
060934274823
382223483903
483219470643
220644114338
030549431510
224929354603
154533113029
030221164919
374742232703
241838223147
130517152641
392037323803
193040180720
020603274435
073702492438
490745133629
134536212711
122517463214
081441053106
142620024932
303221181134
104739274107
224518174440
391131490414
054930291643
063509333220
192633460234
181944302223
161812204821
094613193711
300334252012
053025221041
170513152118
492247103837
403226043722
481511330201
011402334137
372509081241
330109310416
384303062639
221333400435
124104064723
402945392310
490628250709
030645333104
270613461003
380432181231
422910274440
393611140748
271249160833
264520404321
101214014436
140634433233
233435291526
014428391821
344513111824
021510162713
250845181914
060420432814
393625242610
344206451716
023613342528
072234244102
283634133147
442932193738
232613321412
042523282106
423802183204
141633452301
371027351224
263203022946
261219063043
363249383325
011307142241
340525173003
143045092737
431501111937
424346114439
204411061305
293510401809
372813101207
472423041943
432802183749
372425130223
204426081425
081220412442
374104101638
234633380545
043816154814
460933300732
470219281025
162112204003
343320074001
422611014835
440930453615
491437071738
383622401926
023743070549
151730412824
424936231817
210737361808
231006364512
410601144233
113606312312
054346251741
114507223439
102340361609
091929301406
272006054142
254245191228
321524351810
280120173412
350527170634
252613372428
310140192303
234533013738
282621433644
191830243742
334634021847
073606241649
123716341814
453709204821
400522411431
453925210615
360825261218
470403144239
354540342811
081927422932
324430400443
301047290137
371716181143
413733140939
032533204316
041441401826
350314280913
263039271238
241018360841
290828374902
242123033828
243039010848
483032360128
202217011507
413509460106
363726254822
253840483730
044530261608
090332461831
393113370627
474327221638
014438390246
460432333408
210201334609
290831331002
064022153416
362938410448
453133380328
204403402419
132407290545
284430051545
022205151628
482004022225
352347173624
114818221029
060827112203
152135323919
232546124931
082446154513
391643054003
134012053122
423938303420
211249263015
183044194604
190745381804
270344084839
464802342623
453820081939
464837112534
171436063018
241209214143
290140423605
211401053231
300940174505
261133200201
373626352728
273809340617
033208272936
140739012126
112128350133
230710382643
473821154923
123602411731
473641241405
334849062923
153841352042
104839153443
334820424010
033227290125
033928140509
181407402503
150728253511
142522464445
174601244006
053240153413
292546043406
233634061221
152946373301
323347141620
250534334629
373224310346
121847402137
321903214201
233049252139
153242270826
392113303819
064849011245
454941402146
221635040519
131843362824
301002192015
171649182302
263901422311
230712472217
274842182146
251522311635
341549222821
304945411628
263903380511
310914394208
261343304620
101216271845
061730401939
422034294638
133910402512
463622233812
302941022632
490638292327
081325021604
471824061040
074314183406
382932100112
193444133927
090342393843
363916350843
193424293835
184531154135
074247221236
060830010703
204505293144
222702283726
333540200545
274204200749
433423104826
432747164437
072213214439
033141214745
413742271749
374619492618
203349052428
082133311815
051147440825
192040133444
064701230235
491233192405
271208392543
154433271107
054238311128
432909494541
434604184915
233721440407
442903241306
164507191104
370917181440
184028314814
151428304808
263846354903
214837104334
291439052145
102030173421
200906073736
184009142110
320806113538
013049093227
481241224440
242140430506
100821160519
263140331006
493642152202
334406292430
260235211911
261132342223
230936054337
282212243823
332226344523
040832304244
403314301234
232906341217
120537223146
342005080244
391402494808
422918451511
162131480112
492508323140
464410074837
492604064041
303519284748
313236092622
300333231013
221645494819
323007082213
151021224208
253038394017
274944111401
403138493724
172813064511
141623023234
213740344536
294036482711
300948373522
124214021046
184029441537
154930353114
324435471631
200528402536
280132072447
042440491126
190624452347
124129173931
351434313948
101537254940
354846201747
153928061135
453244352420
354024380441
241402091219
221205094708
242220032810
200803041648
101724110233
352223241746
403629193128
393227232840
093548114932
423529121636
031324193616
284813231642
343010180436
392923181715
173823062701
262440102304
263423244718
244627112347
092925081424
492342403848
284534483726
481426134505
183813223423
123429013632
223936320525
441227481638
430227464021
270443102420
244607230220
480815254009
022624014334
191236472506
041247112840
143415133923
340914241926
110902203630
293325320502
201331433711
120936454841
041309353724
024906371341
241549363044
131909274942
342211262515
400249201546
123118071138
120434272505
493502033822
421338180116
044005443543
262505401237
392808021631
062918044739
031902374816
411738434709
401329414201
093417012445
023348380701
451843241335
053324342123
021849284723
441422394543
284003364149
261906483410
291248131544
342505281917
462411142831
430307132047
042829191838
192849264718
343126384849
204441311838
071634083937
154707103134
051244241130
164027181149
223547402446
392140424417
061321393727
400113073115
424921103923
150341453712
460648364139
143329211831
470322130535
440131322335
122831044532
490409431240
311903203916
164328200734
482418453631
201648390112
280532121525
074048100635
031305111941
042111223819
421702280407
141145294138
344736054032
052538033128
074036112245
253409423140
141806482745
070802251524
450544154849
064614173734
220125141048
060709174525
101412034231
062245210230
474112310545
294106192630
181046350441
363532230149
483817460903
484738251831
033019181316
050145374912
432025392614
384819250209
292842461938
310907393321
422643093223
394647210907
263248390920
411924473936
102612220418
083236372217
120727351540
224002044328
281224043017
482524443805
284546124004
030719282744
074633453440
273925224107
043629284214
072428133846
440637120332
081016120214
314517130528
431326173049
082515160420
482231441442
364220154735
474022214514
170229231433
192308314702
130849361939
441541453328
250115390423
072632194447
101203250834
082109350448
034909481037
081548441943
364248110534
274101230337
404149240917
213608331732
132139374133
123935192045
340228120748
124509010333
234214270336
064238454635
253632204519
181343024236
022005311140
411049431806
273018494701
262414222340
042230264943
063736402619
123730161918
404114182034
202147134937
420231360147
483141493508
251507314248
423035314409
321011492501
322047141911
483817420801
061621034936
314639362635
283408422048
413527162410
044814332949
122109200826
484527472334
342504054112
204835340839
020640483713
283821124826
412120424624
453118273021
400318162146
050301271742
171911340730
281116082421
091502402538
464739291728
034641451604
491132442009
124940100106
210143351308
491448102931
071846470316
234549112015
050402290809
172719402830
374529282405
491727424029
360731462648
332707123501
281507042421
433631294542
271413201226
410734164025
451718463821
420537143113
400438392421
103327050811
160237480744
360112343706
232233272615
384504431724
073605123743
110635233936
380928121942
301227384122
374420420627
232138454817
031516023742
013320280948
204235141930
314732043806
380625340324
450611241218
472706054225
043649072812
020433073816
152705031909
091817034415
370732342730
433408493207
052609491939
041029053215
313047154548
232624181537
062848441404
110732123001
442148360302
280237162001
473848370108
421507191223
293908272821
244331213713
323815021821
443820312202
072004194402
281001230948
293649383411
063029284446
301735070929
412826031637
331807082548
191040414335
142022401718
402120454422
032804094634
262706223310
424325223444
114413373128
114028220125
252305014142
210745120942
413302144539
161517310843
362601343220
091232244718
203603070125
264519093932
383112490726
182616222837
201925051223
023244452008
170341383026
464030093308
430540131725
202614483313
361946022026
473038062605
071511083514
352410360932
270739030833
253022033817
273342082616
321107083834
210903243401
084233311709
473725060445
404916373510
150231192743
420529282741
273234194505
101725350546
302211092347
020335130128
441647101501
102642010414
311533273648