72329
95447
11130
52803
25986
58390
84305
98618
54545
64850
27412
15977
13214
30421
91625
48878
35783
58844
16061
74799
99777
87273
61979
77926
66628
56546
19300
34809
11633
86476
24318
27497
37234
27294
82895
21668
45117
80334
74370
82918
33017
85081
38796
36614
50756
22646
54099
54770
81383
61879
66288
83917
27158
85801
30226
65492
84008
28573
93606
58999
62903
22801
55300
74006
20780
46143
25735
85427
74639
25394
17735
81216
45703
26394
48844
75352
64029
18982
56222
81796
31777
33043
42920
31730
27867
76710
95368
20137
58250
19716
89856
66256
77407
68133
47137
39002
98287
97536
18992
99946
56641
86394
87131
88578
44374
58877
21500
26998
81139
40763
49099
81187
22463
10864
20252
61487
38961
17410
56745
89484
81489
20490
24924
18415
91481
30632
82009
88915
57672
43046
12198
72861
54519
95082
58823
36406
22232
59279
61963
97884
81521
99145
22951
35551
26335
82691
73085
40548
62103
36820
75250
52717
86791
60530
63618
26344
52717
31078
38563
89101
53996
59445
19133
79147
86713
66770
58339
89699
39698
16080
53885
99434
33927
72776
71562
36430
49339
38255
57852
96710
41785
71753
97605
89571
67395
72067
10119
73231
11042
76755
17724
55313
65483
26498
22947
13848
20399
53429
74312
80666
85393
42712
66532
48640
47858
59295
20627
35364
83975
31778
40153
55316
54272
38395
66780
90810
78633
33716
85780
42067
65656
79471
40127
94803
62276
85884
39925
26914
92968
79453
18516
48097
15269
30410
49347
30363
95620
23240
62395
86160
95643
52559
16981
45677
70648
92184
62372
76882
45376
20087
56602
74739
26310
25223
50224
54048
98032
74232
77705
48162
53492
34726
71606
48725
10791
76457
54609
63202
48920
29176
60570
11073
12217
43536
61075
81051
75304
76669
15127
68622
46932
88409
54469
43157
30676
18523
45762
29353
52762
18368
21571
86678
26971
93428
18562
20702
55341
97390
23001
91210
73453
80576
21029
63603
75526
31310
88272
75552
84946
59712
91331
35612
90448
41110
28841
62661
51135
53907
22616
96116
23969
37607
68719
63125
55669
72114
56216
33744
21101
91291
90225
48848
77257
32874
36322
97135
19556
18755
33145
32979
75706
79915
94199
90649
65177
61830
95281
72240
99854
52868
42502
80253
94886
15150
99358
34793
97832
77302
16059
63624
52582
39570
24108
36097
54525
47938
91397
22251
10174
77534
47504
98167
42926
81330
93307
82338
13519
21204
63241
40750
83522
80131
95223
80104
38601
35992
45877
11306
32824
91483
47083
72687
30224
45624
67661
54799
68995
20760
32556
33647
95408
25163
65538
93955
46922
74393
50636
20580
51079
15127
79203
72226
77742
55650
78966
77720
14827
39703
20428
23629
69467
55772
23645
75003
95866
24796
33786
60001
43696
10869
80619
53316
15196
57756
33072
57555
78562
24104
84367
29381
55015
57500
58273
49068
28185
91470
64361
19227
35570
67954
20532
88701
49717
15445
22937
41583
80204
68195
46150
19445
58807
29223
98556
31172
68458
66336
15792
44246
36228
24900
65506
79277
48921
96064
85342
10938
47567
46124
20130
16018
15518
94756
81557
16748
79312
97517
62368
15819
18109
19103
90206
66547
43101
55424
53522
36431
27227
87536
32405
32020
53600
52043
93764
38211
43847
74052
24538
77009
58786
36553
94917
94582
24736
49737
23377
45569
23264
33953
72885
31066
82460
93394
74218
31839
57458
73060
69498
33389
19400
57938
54847
49799
22015
93122
28740
77754
31484
68302
95214
39700
37369
40659
28888
58381
87059
96909
85970
35946
48615
76170
56412
87047
28053
49797
10004
34139
58482
16202
97815
48746
18873
35445
11539
11108
92247
71761
91669
73722
81641
80355
86844
64531
44604
65296
40526
48353
29828
20306
81381
27767
31201
71649
68199
24001
60590
72111
23725
73535
45081
72949
50822
78196
28239
38273
59876
84043
64558
84592
76532
63213
25826
75124
40338
86341
90228
84115
68018
76841
99929
28751
24182
31321
48285
24096
21530
27745
74747
88514
50236
57119
26984
25910
46185
13644
57732
55374
91222
31651
10709
96266
82647
12809
43746
32674
64174
19146
92769
23065
44689
65114
14385
84616
94508
61723
55193
92544
68271
97422
65963
84874
43448
43752
81399
28156
25019
45050
13582
14551
53107
14314
40564
63764
31650
86352
83571
22132
72392
49995
37668
29077
97628
28177
76231
26785
18722
94878
67254
79108
38591
25456
93902
89804
29012
33896
48874
21960
89579
63792
41043
12638
26110
61644
10985
33925
68891
79975
41961
15516
41007
33108
52487
41337
91657
41801
80920
87684
22161
45480
84020
43968
13471
32325
24981
82047
97162
58051
45350
77831
21363
31244
63907
54485
51494
62766
92726
50647
82905
76591
61930
82581
29666
87838
41816
59046
54921
43732
18214
84847
83700
80537
68706
92095
67643
89891
79543
17551
34587
22849
86190
77552
50068
22222
23950
86146
73216
79252
84611
11122
73887
91157
40852
42099
15400
20063
59500
31717
56945
40133
98956
37209
34868
49433
15542
12675
30907
32536
50014
21048
65326
59725
57113
36755
73379
61485
93371
95841
55790
43599
71186
22222
57919
50184
76185
68432
46510
87122
30085
27777
91222
26687
13050
60144
90405
38891
57717
20427
45303
43066
21156
14668
35656
49422
54473
54450
98870
19798
49191
43736
22528
19355
96266
60479
74718
90719
75740
48263
63380
25513
96273
31262
64759
70359
69442
73041
99350
75858
63351
80197
75223
65968
40012
37174
84653
14378
33118
74364
75343
23845
30575
65298
80118
28168
36232
34261
75407
31635
77430
75880
52208
37610
95713
84347
14711
48648
77140
83591
59103
57658
38313
97315
79321
84160
55903
16496
99824
55578
62405
11015
83679
37607
60753
23933
20442
88584
77888
78401
21818
92538
44529
90542
91849
63318
12314
57813
31222
98784
97024
23981
55808
53631
79531
42903
37472
40056
27791
85775
62122
31678
95813
32452
75745
25066
35176
22518
76983
36784
32037
17121
48479
78092
75307
75480
47032
60729
61824
37840
31860
71536
20520
40079
79829
66064
43314
99234
50626
97605
49025
41796
44791
89711
37252
22510
53090
39152
62724
14057
97338
24750
82317
54666
25782
13412
62989
99548
24650
60516
92598
47457
87316
46798
75913
15868
90272
23448
58272
10718
99352
85363
95947
96700
42488
44508
18395
74749
12167
48989
20084
21572
60084
11995
21482
52950
23034
37819
33319
74683
63923
72035
75312
64517
86828
14986
19543
11656
21742
64820
82191
83863
73465
79999
59077
45131
79274
25897
85457
73095
60596
47436
68093
23700
93256
95716
22474
39159
66580
91003
96537
45455
29399
35897
44653
23845
68395
38940
95350
84383
52233
60826
55056
44872
23894
54959
10416
77099
48797
68213
84825
63938
18419
70003
90700
71378
44518
30415
10781
94176
11676
44404
68743
47403
84697
95753
48635
61745
13157
91110
72623
73489
15053
50809
98693
19079
94282
95828
27248
48355
21029
49932
13841
25516
87180
23373
95006
40916
21313
62295
66965
36074
79800
54346
36182
35609
49247
46670
13314
10397
35745
24780
74026
82405
86851
28446
41048
59859
63188
87656
93104
88764
63611
36697
65645
28977
88678
52750
47654
14492
23732
34990
46808
82880
94831
80881
81716
57548
84249
29002
31299
69946
50065
11641
73537
49094
77183
38109
32924
84078
41281
76482
97515
13021
63364
40225
16319
78781
74055
30821
72031
95697
28795
56305
14090
97587
50288
36417
62507
71569
98017
36580
39179
10204
58238
74430
82360
73853
51229
87805
45348
45856
24922
99265
12239
46747
44568
37292
36690
75712
78729
65050
20717
68859
11227
29599
61226
19614
77229
62569
94421
64345
76703
78400
92762
82581
59053
92806
58861
54651
38598
55707
17560
44979
75360
55752
82252
93928
47485
63140
80314
63864
39985
72302
52449
64717
63849
43164
92872
94877
87622
25970
66184
76393
57720
10760
42962
73336
99888
86945
13540
56599
58411
71094
43987
93686
97581
86649
78642
31400
78826
75258
89970
17110
71946
77680
40696
40991
86536
32388
50010
70344
75498
23093
78198
84951
17442
40704
19582
17520
94912
69747
52290
67063
24653
90113
74407
89873
38563
68393
65438
82408
44552
97300
10185
47425
53175
20517
85718
10368
40466
99704
39586
51173
28932
94651
86676
96290
49912
24595
44541
21550
97246
43747
90620
61747
96894
18597
41417
24278
61514
66964
59421
54367
25013
21438
61672
44833
41768
56081
17151
89943
70785
93570
46460
84609
19104
11118
15490
37309
85420
88621
65097
19792
56179
22348
78724
25189
82035
96596
32502
81753
34754
67025
43214
60223
39593
81227
78022
44494
31192
21983
53540
47699
15770
28820
23483
70336
15026
41488
44262
79935
69497
36118
65446
45138
61302
60591
12054
59521
10933
55339
82433
48232
58630
46813
50070
10297
38409
12044
90725
64410
50649
67752
53538
75321
92860
93697
20709
51414
63920
28779
74462
95202
25563
12125
69804
50562
45829
71828
29332
69199
57750
98607
25915
60993
87230
90966
55355
18191
58588
64748
41327
75643
56355
40338
71472
70466
24141
80492
31276
27352
70707
45953
93928
22940
20942
56907
97667
43476
52467
95338
35049
15916
85947
39411
94820
11779
51796
51398
34329
46816
66507
68224
69252
96784
52318
67141
43728
34290
40549
22028
42570
56866
46157
68818
92947
52643
53795
56101
11427
96110
27177
84790
75987
85022
14967
35214
28572
76663
69506
61846
58632
78839
26635
50883
53209
46332
24235
42050
49161
78429
96097
45661
22034
77224
27231
30855
95795
34309
17448
68179
49999
73270
88616
28482
48854
28153
71641
71587
35181
58300
68583
18036
67113
47970
17869
84027
75697
73794
49022
38219
89928
14286
60219
60037
61129
86256
71589
17347
77252
99391
35067
63760
30724
71504
74752
26743
62831
22927
65892
17737
67108
32020
60429
19463
73548
55045
70414
35620
99249
29860
49082
10312
51593
74531
93909
57400
24294
79123
73454
51289
18923
76156
10232
19919
49300
33044
56016
83360
81670
37546
58061
25297
82838
31032
94895
25129
54855
41498
13238
65552
23859
74678
18917
42179
26812
65387
72195
29251
77094
23367
74150
29821
80757
55847
74621
86021
10042
30718
15499
96841
70623
72867
68735
18277
78280
73016
10282
88129
51925
95271
72968
30157
16958
70031
41934
86208
79073
95317
91155
93584
11654
93001
56116
18845
49295
22351
45986
12951
63265
28630
60074
23411
89603
94165
43418
41997
93147
74390
61948
94974
20718
22993
54508
25785
21974
27914
65955
72350
25722
18683
92572
93299
31930
34641
30908
23251
54719
29098
27953
60780
91925
65586
23849
44353
65067
33880
69977
51556
70433
84334
73431
84184
81089
96548
47544
19306
18853
16449
22728
57444
65970
85074
75700
23085
11241
34658
45224
43590
42725
51660
77669
64822
94637
59497
38561
84320
55045
94544
71941
48554
83034
59030
26076
41751
72894
82886
36265
26509
48175
26370
84773
36543
29046
24246
28526
39159
10083
98494
20001
97762
50471
82502
80200
10905
24373
39982
41183
18225
97336
22812
99927
87134
81724
66452
99288
20041
34327
78902
52416
54320
14200
17406
58522
37055
77228
20948
67970
91862
45596
19112
49522
36521
43385
42313
59153
71568
41588
56651
93879
65390
28771
32317
66650
86183
52898
95915
32286
13870
31318
28072
12241
80248
50253
39465
51490
58137
56364
73227
38772
51844
32853
26138
24880
47589
21232
93302
35445
20979
54882
98280
32221
84967
11023
74240
39503
80319
91467
89660
43827
45331
47722
71045
46905
35647
28676
90231
24148
75349
38173
49930
38339
24815
66797
55916
19121
27153
26563
27214
75681
50164
76719
24292
40807
18687
24563
79829
91648
79759
15133
75954
31886
83582
93928
20838
35468
71128
49520
17323
86661
79389
93573
46237
35570
20446
98104
62107
95661
44103
84854
33801
77618
40929
69256
19794
23032
14992
23155
78659
42374
82924
98275
63513
34008
41664
91466
85001
30536
87616
47613
72531
80209
80923
14999
38060
59437
89110
23686
25981
81024
51252
46561
45112
97370
76478
67884
16107
86424
25477
49709
78323
48732
58423
34215
72946
73140
50294
28557
19252
54899
77198
29595
72943
29702
15587
30696
91977
77809
95503
75465
68735
45441
98792
93284
51144
79659
31807
14935
94071
36691
45108
28753
63541
85262
56273
54747
34331
59512
49303
83123
31679
69861
47196
40731
20361
55937
18591
80835
10774
37355
77779
96539
87074
75217
25177
18241
84464
93879
41413
70436
34958
31811
49099
13105
82373
75168
64911
38253
14037
69714
65079
83609
10205
42409
93997
61531
71380
82064
79817
62455
43605
63542
92736
32285
10963
82523
79500
41405
63032
98571
26946
13003
53371
31884
78104
58601
90416
70813
48520
40310
78879
10180
75090
55812
60918
21887
77544
85102
79073
64629
26098
89775
87960
63501
15178
35518
45279
78501
61014
28235
94502
51544
73800
36673
27262
74246
81394
18281
87204
64043
37661
27788
44090
89080
57410
16477
13230
18579
90475
47981
53537
78512
19512
97229
68907
13048
77915
37446
36373
68930
71488
73276
95976
76125
94802
56811
82274
94289
36639
25333
91781
92021
33468
17211
32546
28052
34927
48485
67258
21811
79635
87787
38594
22389
19451
32189
15285
58881
68468
38991
93106
56930
50523
89141
94371
26105
30551
72174
99864
53425
50578
92715
26595
14383
53946
66757
55122
25071
40721
15575
45426
41468
84555
35253
22408
17440
78305
87262
24030
64802
21434
49278
59540
19032
66495
15538
80005
56712
87200
83849
21547
88692
51043
19525
97326
16895
61299
17187
32480
36980
81831
97578
62057
24071
28965
55602
77350
91559
48012
41971
15335
87634
29284
98172
72162
72595
41448
98389
20693
79635
62645
66646
11096
25054
46437
46337
74412
65005
48712
93797
68802
40094
90056
83568
14738
84344
47050
35929
91466
88221
59837
87096
97327
14711
87262
85483
44090
86462
62054
67431
45193
54493
36112
14109
63141
64783
40951
35152
12723
59846
28647
27521
15510
20604
36918
74456
35378
22855
94242
75392
59245
84639
25108
38353
37682
92964
19356
80330
90569
22897
52866
81066
42687
39739
54737
76252
36835
44918
42411
32251
45202
73288
78860
46090
77205
30788
71547
83921
39819
16527
61177
79961
28715
63768
36248
20782
92656
38748
32988
11842
59857
29055
90706
83080
99070
23540
20156
66119
45156
90896
10682
56339
99626
82308
64029
50677
79600
80294
92652
89952
64402
10093
31685
44135
93093
27456
28510
30339
15239
61811
59694
75257
48899
87692
10509
64135
71693
27813
62065
20752
96246
22476
79073
45843
17422
12792
68868
88941
17424
89027
70580
20247
50171
32443
66853
24457
55790
93121
44801
34580
95990
80234
59651
17112
76807
14586
65843
23166
12646
71975
39895
77130
75688
47495
80780
96150
31603
23819
17147
33983
49487
38293
67854
49771
80632
39152
99764
26242
31353
75118
80205
76847
23715
50620
56505
75152
67212
63596
46016
40538
99460
97664
71828
40187
58617
99933
55870
86558
28177
91326
16448
42545
35490
64065
47632
51470
42888
75580
92004
46840
19643
74402
41437
59605
84113
54073
32176
98623
35802
68485
10290
51616
77058
98685
21687
38533
19438
54883
41969
30290
64656
30202
18579
46675
74089
11898
89337
30502
87922
40300
12367
91476
48204
76169
65036
50989
67794
63122
37888
36500
59816
31162
14544
54994
35987
99181
68923
90886
33671
28937
42502
92343
45455
79036
21467
35855
38664
89744
76386
82702
13910
53679
14419
11935
21764
53792
97425
45023
42965
72129
90217
62635
26169
65650
15886
36665
11662
52855
55840
77358
96531
88564
32482
16806
34060
32720
74956
70802
98831
50077
50725
29585
59441
66534
83575
51685
40747
65639
45794
49198
43817
73055
21369
69613
14724
94309
44597
67716
32556
72754
27003
71212
61637
65930
64234
63063
60047
77618
59026
80927
97636
29379
86851
10371
50728
69686
46468
34136
10407
85953
71678
54231
97441
86435
86070
77757
12373
89357
23231
90297
87859
19274
74178
24058
63580
98842
77622
88802
44836
31207
80536
71978
48970
97166
52583
98140
60485
22723
24695
38408
96342
87997
36715
93973
30173
98941
98792
91033
78194
89363
41708
47424
96670
75520
67876
92898
11955
45179
41484
40414
81086
37992
58939
34539
69628
74065
48849
10308
54903
36311
78657
30149
68801
95498
44263
92467
27991
65048
96836
38073
95768
79592
63471
17225
83655
60662
27452
31110
99912
88271
97806
10674
22967
73368
22520
34198
72467
80200
15487
76587
51734
34353
97320
81158
66641
55340
82222
36967
84744
83392
94313
38260
66472
34003
85340
74815
38836
71654
36145
56035
18700
15535
50141
59501
28487
46078
71398
16420
47837
70615
90568
95565
11265
36711
11004
51800
42632
56651
71725
99973
76819
48351
38394
15550
44854
84213
49432
21615
81574
57795
11814
17478
38006
82893
17901
72797
54010
63970
37867
40419
37415
81815
68564
57756
56075
68725
54755
65107
23448
51164
95080
35009
74882
49882
25019
90833
57947
75564
55758
39262
23668
91782
15559
95680
54632
64282
40851
82772
24902
87198
31051
50488
39286
97185
61640
60329
43422
78774
70714
18585
52428
10030
25816
71233
93186
52541
21970
29917
13686
28341
62972
32003
99771
47015
20193
95156
35730
59419
48026
66978
93362
39497
43435
95673
42038
69475
74471
12013
46456
25417
94829
28185
87468
74454
52291
11221
90691
94548
61975
49776
29657
15944
18182
42822
34524
27688
67161
79703
82192
40550
51024
81512
12606
70192
89673
75809
40902
73656
28909
55286
71566
49465
99091
84962
82319
28144
95389
92632
58214
29998
88606
27608
84014
31717
50714
55105
79724
87085
58860
62105
95004
94216
68531
52624
22027
83833
72030
34588
36129
64102
22956
93288
86261
53124
35262
48100
17984
72480
95239
80495
26509
61807
22145
74663
59445
23410
67674
75409
60771
73299
27919
41246
17697
56094
66145
89296
99210
13892
49751
98952
59899
63823
76746
83535
60850
41314
28892
77777
60087
97914
54594
75271
11679
33061
91959
62763
77621
94674
31564
53101
18315
98255
86348
28761
29757
24678
79983
74536
79978
91095
53521
49739
77026
10527
65899
13175
89791
89467
97696
94695
44600
44949
22970
78858
24760
78061
81475
92396
73773
79167
60154
56746
31673
55360
61451
96707
13188
93746
41860
64123
45302
58422
75943
44853
47948
22999
53890
66813
93969
25686
39850
72432
98223
33721
85914
46103
68319
66883
57840
82103
44119
76483
52061
62235
81260
72660
82761
46509
44464
86740
40643
61312
45087
25823
38087
85563
67125
17807
98849
89645
18123
17895
99765
72338
70243
71628
76059
33333
30470
38156
11835
37000
25798
47494
94433
76436
91513
71204
53574
41583
50001
43432
98915
14812
26830
52445
79951
23667
47428
69307
98151
49901
21435
79203
38850
78929
72411
63284
35640
94236
10228
89006
50820
22718
26948
79508
58800
52361
45850
36619
16582
52194
82140
10406
38203
41589
25281
36544
25992
39238
49290
29782
29432
55072
53283
36494
54748
23655
74907
99865
86705
29310
20755
95743
13322
63991
77093
53785
76598
81550
10105
91301
89488
53331
88766
60608
71784
38896
17268
20667
56052
44127
18202
90109
18091
37679
10166
90941
55816
49373
87184
98687
49581
28204
74290
61697
78648
44782
42409
96693
86629
40239
97856
97190
72408
11996
45809
14478
21546
28805
40402
38753
67077
23718
18332
21591
78558
37057
76429
72706
11471
69804
15235
90929
54717
79483
36681
96136
26517
37851
54049
15651
42062
74457
10204
11010
28117
79892
12920
96552
68075
74802
52350
17844
80399
22232
97705
63095
48635
96944
89212
69085
39487
62065
38417
49852
36930
26692
95024
25322
66788
27605
36362
72721
96726
96461
35580
35925
81661
94951
31767
61666
82271
58270
22275
66399
44507
63716
37550
66011
73329
58075
88837
91018
19472
92682
90980
22590
69771
18556
30802
67237
44038
71419
24146
65375
28942
36692
37716
73334
62494
70020
96106
16235
32126
21685
33664
85024
21159
40943
45536
12381
44494
57198
50344
10681
35147
47225
92485
97138
39989
86625
57831
13419
46478
25026
87632
45654
15237
20684
10684
64237
45118
54928
80672
32122
93062
94831
33109
11136
22135
73032
95473
28763
16452
24656
26560
65956
74492
74597
36453
16130
10998
41241
56248
25388
74581
87492
88216
75050
77078
24864
62093
91300
88240
90319
55955
55400
56070
50204
98288
83923
93547
89925
80950
21088
34261
61726
88581
81774
82367
74949
33188
28202
74482
89552
27584
35581
73343
31301
62269
83647
43017
52199
83838
43436
52515
65853
81480
61610
35065
85306
79752
11221
23513
95737
72917
61219
15381
54122
73228
23483
46741
71160
29620
52513
25874
21840
41578
53974
58932
25736
52691
23560
50155
97220
97055
61904
54907
59393
19758
89125
71196
52620
36456
55428
35147
12515
34245
43274
37988
15889
59527
27210
50238
53857
61051
44140
62497
99269
26409
44053
27911
56803
56664
47516
51725
22339
83332
66355
78002
15808
79381
64549
49728
44401
26246
37962
54825
62424
46918
81055
26779
34833
54975
47052
47251
48044
32154
69958
74689
95535
28213
80780
44057
95369
47741
19668
25750
51786
49986
44343
58716
99458
49603
40661
52180
84031
17480
57021
66508
24107
41472
27598
48197
32357
15284
70379
21294
73406
78071
28467
84453
22422
53153
79505
75143
34621
95962
82873
63416
25739
87074
45948
58814
33389
38005
59295
66719
28772
95841
44805
63347
99711
54489
22065
17266
51998
98501
45847
67025
49593
65597
80290
46024
86139
66204
22885
18349
40479
40102
98586
90257
76703
30560
94785
42672
53873
88817
36522
84632
73735
82536
90142
18658
51172
35100
88604
87198
71035
22567
40354
84683
59285
98153
34890
99122
62094
49074
69310
36219
74682
37580
41344
90325
25549
82153
34811
48405
17316
82644
12700
57256
90467
66478
17353
27868
83530
94503
47374
56776
72978
27675
75102
74086
92005
89972
38194
68077
59186
33529
46519
81691
14326
84478
31526
60879
39193
38978
26797
62961
52747
63204
37313
88060
93357
46382
51657
23486
97734
51022
60728
83197
15371
96283
67474
83657
80314
55455
28433
48352
98822
14233
63820
54968
49832
53798
78253
29270
29497
98501
49317
44635
16830
29390
28981
40560
60747
14222
62400
12741
56681
22521
99471
80212
72934
99958
91418
35343
61911
81431
67605
45307
30729
81868
76723
64886
87296
12822
38938
43628
47061
65048
99914
91372
22829
57124
71760
26212
88916
25689
45698
63774
78489
60877
48389
90413
49365
54634
22110
57089
47457
41527
44090
18152
84293
57578
37027
92544
46964
47608
73488
44461
95053
51524
25640
38379
72247
15256
42876
46665
70552
21352
23011
65613
91091
30367
39425
92447
30489
19812
18939
27799
28688
55568
97274
27166
81617
26907
11475
77881
38368
20474
77290
59952
56645
32825
79190
46546
27062
83677
82584
81826
91862
87913
80709
89457
63272
17967
98746
15829
97209
79917
25462
85097
25895
94685
16656
14032
45337
14407
83460
87705
87546
80755
55148
72621
75707
89843
80683
15483
10204
38347
37520
63091
30841
84797
93006
72169
16619
21198
85090
25615
97650
84187
55690
84570
46625
71710
77971
42295
80780
99716
63872
10137
18473
84975
33505
16825
91033
36470
53707
92663
14022
74562
10068
32014
98824
93949
25371
98051
28014
76826
56325
15403
78597
50647
42459
55446
20610
13704
31044
55880
12451
16316
66214
86689
29343
38612
24097
23786
71559
51426
11612
80063
15619
27049
15889
46576
86014
26602
88655
87512
67505
48478
69292
29447
59641
90985
68675
69234
22283
41636
64878
69009
42436
18193
56552
16428
19451
19955
80547
99633
28492
40124
66134
95017
92641
22776
47089
79213
24834
22685
58936
91892
54775
13834
47281
64854
86938
53944
85817
78981
78654
89032
93374
27051
68127
28111
67248
29119
50292
29122
12140
24296
84406
40412
23011
75036
30462
45019
21263
21589
64694
87036
77318
24156
16396
37321
39219
85024
16594
91661
27698
24776
24847
48649
86185
55257
82131
23234
97607
93430
12894
72029
76871
11106
34847
95459
83109
54619
42337
10177
92016
69266
52428
93309
19085
24334
36646
46927
76565
59754
70341
52373
94917
61787
29503
65792
76675
94951
53676
67891
79125
51351
43232
33076
57204
98148
80279
14610
87005
61048
59232
76289
62664
49241
39898
20872
83743
62047
87202
12264
77117
30380
75781
39112
98950
43955
79134
30474
28497
71954
33034
55008
49954
50826
14721
49892
70070
50846
24257
46949
19978
74443
54653
43445
21551
64230
22717
23281
77627
55913
57113
23525
91436
98295
28379
98744
69214
72090
41300
65594
33094
85441
18148
71992
82119
96972
29195
81791
98121
71227
21956
85874
38373
42324
54697
94810
49110
69911
70916
36339
55916
34555
76407
75639
16664
64695
77290
54653
11392
96660
64024
94499
11484
36095
46707
43783
75851
44637
15436
26341
90804
75369
10879
42413
93941
41433
79717
93086
76456
25726
12145
19947
27054
48445
54447
71301
48713
12856
96462
12272
62508
68838
80304
64924
21680
69578
67082
47857
55837
24491
15830
38753
95320
12901
29723
37373
80280
42354
33814
88708
98685
10557
21949
11125
26509
22832
15445
37375
94741
34115
17083
56613
38376
26001
34866
40449
77635
84433
47725
84696
24955
26026
99241
46617
51620
79615
12656
77942
10525
73755
54542
26673
59925
86963
34224
94636
25896
93906
42673
28186
32445
27120
16573
77514
32166
52760
12502
58292
75613
70764
14585
49804
51684
27762
29981
76792
33854
89157
94581
50108
85861
29445
32888
33739
42293
86622
46889
43528
10432
67068
69911
67283
13854
89206
33102
11296
84696
54322
69121
73747
16303
89934
52389
48466
36175
57093
77582
44557
92662
28609
71324
14578
68445
59830
89101
49261
15230
28270
55931
96105
84339
19226
45715
13714
29760
91073
20538
10078
60799
58410
47024
58721
96054
46092
14730
78655
19055
89750
94604
11972
73808
82622
83764
93591
32148
16666
66954
91090
96754
25643
69466
33457
59237
17524
64159
12956
72474
65503
70850
93714
77537
38530
79127
72417
84507
71531
13289
49561
92910
37702
47237
74436
69233
90101
82159
50716
97728
12679
62523
55421
81616
32867
12971
80395
48298
60326
95597
16334
46381
72601
94044
78847
82828
90495
26084
81235
47195
99200
21187
25696
26497
35213
62638
76825
84442
42008
69257
14219
71743
38942
92824
88694
81662
19209
70392
80315
10856
23299
43499
22893
35449
99158
82580
65056
73205
47804
36613
52078
98338
86242
76001
69738
19852
20777
42110
88123
78511
39196
19888
59746
54170
96327
29227
21169
58775
21082
73280
38382
41921
62333
25420
17335
23754
27264
34206
42736
50592
55693
34413
49456
32462
52630
99418
47550
20973
37524
83132
26435
10532
55920
37538
51895
83640
56400
48362
40283
82735
25204
10903
26729
94338
18253
91329
37410
44702
87341
31047
25924
45986
79272
26614
92214
24720
17371
10428
20250
68682
38386
73590
61398
10016
27349
53663
53964
86186
29400
32659
12555
57213
72423
18019
46772
75385
64495
67889
22092
32780
46560
47716
76861
39820
54648
44857
54119
12748
64977
53891
52003
80251
55736
62623
15799
88106
37251
57633
97067
45262
40157
96052
86689
65643
94930
19164
25839
10556
24573
90723
98395
83209
80844
24426
33967
24206
89724
79551
12315
14011
79838
26268
13958
84024
39952
21118
73228
20488
97266
58616
89604
59555
39229
20052
45189
34832
68259
78088
57927
55277
63873
46783
51448
45371
58410
33202
23709
12287
59234
88888
90593
14839
81523
31088
74950
84967
95987
92687
64892
54292
67889
96938
71598
66965
11411
45251
93948
34408
94061
24684
36885
12362
16038
87337
60740
62875
30149
13463
20403
42590
48102
38002
38294
71721
16587
96650
40588
33738
77355
16346
90872
61109
46843
79200
76550
40504
57842
70352
10246
13482
12712
53141
86599
60306
11834
61684
95542
78534
49069
64541
18416
57327
74112
76642
18901
32597
27112
15635
15679
12800
70056
58758
10444
83967
60117
23606
32334
24319
50364
86476
88319
75788
26269
96233
65740
29725
47508
56095
22538
73001
73824
71091
77533
88693
34085
32262
74880
95560
82688
33289
55970
68614
66517
30789
23303
66340
99694
97554
75573
95082
62295
94275
99693
84327
13763
16966
74215
74623
33720
45002
36856
54056
34288
17678
22372
38544
79225
92539
39884
84337
38046
48983
59259
50196
23900
69006
92089
78478
98342
33557
58481
96814
78439
80866
49921
57063
61557
41162
45551
50867
69364
90180
39233
57517
99341
33421
85998
97970
88015
34737
65672
22601
25107
11829
78463
35934
79573
24823
27569
94286
85364
19684
14584
33866
51881
59534
50784
88550
50793
10408
72654
45634
66146
12793
56829
35848
51183
33887
76370
68104
72289
42270
57762
98732
51912
57497
38915
89820
33590
37706
81703
44032
84172
79293
65912
75149
49081
70759
72297
83779
13062
98470
42300
18205
65529
81879
12789
83465
18908
31175
59924
74196
67817
72587
97710
97163
14392
40202
59430
62191
42301
48306
47029
27827
11560
69430
51964
36928
40493
37461
35396
86669
98205
56309
17459
80076
24246
65395
10732
41319
29575
38690
22955
88875
81922
96573
24380
72047
97198
74195
25890
44668
66570
69636
71514
71414
86318
88425
92834
30832
70238
59257
82540
49820
81410
68791
57200
89564
11095
27335
56913
17179
96711
70135
12223
96093
57169
72882
83890
46957
93051
85577
46243
33450
19203
29678
94128
15600
60386
83436
88097
10859
42719
59656
86834
64122
59613
37819
90000
53271
61389
24614
74578
12069
73815
80898
65561
97460
31881
94478
86107
76121
53258
25920
83979
71077
36991
85143
46165
15349
83853
73095
70924
78394
57018
13886
60777
32542
11400
14425
86892
82962
63102
76701
53725
27289
41451
79824
88145
50552
95854
62568
33215
35746
63366
56153
93064
10352
61501
97302
62562
92253
57187
63454
21182
61454
31921
18679
86356
22281
11770
98104
14185
34919
98372
29305
50530
25651
71919
18047
90051
49177
30702
45004
77104
79229
86665
52619
51074
57277
84896
34683
20240
73584
20868
51703
65060
65929
86764
64211
20326
52821
56665
38199
66219
59115
57828
72596
99241
38207
65332
27877
58848
65658
40008
43813
51251
27624
58087
78177
65788
17686
63136
13345
16213
18378
60820
77168
21516
62228
77858
21916
76504
38965
28820
75131
79378
62199
37827
77850
54560
13032
93552
11097
34542
47511
24083
47809
41767
74519
14621
19670
91671
94158
23067
99657
15234
69675
65811
83110
57049
10999
55115
54653
36173
29153
94633
66667
90852
99292
79643
43112
31166
65976
78093
99228
52773
71505
95611
79619
33533
50888
23026
65530
75705
43303
62772
24043
58248
95704
27038
32527
83609
19072
73187
46986
20079
40952
36955
85331
59483
76381
78625
30169
73634
41832
91164
71671
50374
14993
93955
44079
91176
27513
71507
49221
81667
56815
36450
41979
56237
93875
16867
17837
82116
75041
57992
46160
73609
95483
69939
64587
19111
56079
81757
38452
35957
60757
72378
24680
69535
82250
56514
41815
42415
67773
39058
99050
96511
98615
55729
37651
13773
43498
49917
18280
17440
48243
77934
76059
90370
61270
81181
75368
35041
68684
78096
71946
29317
98949
58210
34832
11190
91480
96250
22429
78815
47244
10579
39815
87193
16761
77439
62911
42868
71745
50526
31041
80116
89992
55831
82867
72057
43123
82050
79251
27076
62875
14260
25511
67890
45354
88378
21000
25684
38505
92585
26238
95569
17408
13760
61833
53497
42989
65879
34148
88876
30803
53091
66437
94608
27759
58144
54424
25918
74866
89432
86125
83546
44656
94701
17633
64820
26665
83131
81724
82956
75655
29598
17424
91772
88812
26137
42049
23701
59794
32146
45126
16207
22252
26664
59463
66451
85218
73210
43158
39657
96334
15707
45569
54682
85558
81013
14227
88586
38722
34104
63003
88202
11811
88351
65107
38628
58104
36596
16353
27966
39157
42327
50136
20443
88143
86734
33313
83243
47374
76554
88921
26276
83098
22977
66543
79100
61683
85549
81858
14237
89442
99811
41226
15119
21350
70096
67554
16770
50232
26993
82309
71667
23431
23149
35403
79851
76752
80440
45738
77828
24016
46858
55732
52117
82370
90508
41715
99918
58570
10325
96410
37463
46402
16390
84303
57160
47001
42968
27411
41174
76749
97806
73570
60983
99253
47448
15046
81539
34478
55991
86090
12613
46588
33557
26196
94799
68057
12378
73144
25329
15291
82465
55834
15896
15635
39991
61423
48071
11119
23006
69565
26529
64667
16138
57675
34296
61474
31449
70480
58435
49137
95297
86567
22685
10791
13679
65303
39974
89641
33414
14704
51326
66567
61749
10073
91554
45632
38990
83513
12022
93592
28192
59050
13250
81078
97324
77047
32272
96495
11776
93391
66917
71531
14546
33878
71008
18982
94877
75662
56459
93750
50963
90534
60570
54790
95805
32942
59863
54524
36215
27985
68778
68547
60865
49961
44290
33425
70400
26698
57108
65617
71217
68039
19164
54492
16726
40630
98244
71092
92783
25045
12532
59492
30201
96401
15991
71549
56054
29469
16826
32076
24849
46762
59249
27165
75909
17720
92122
65758
36550
34803
20628
27019
98308
48331
79589
23096
62072
74241
65025
57850
80101
73766
24450
26024
51501
83396
94148
79201
91100
66679
70606
97099
38838
60931
20990
26100
11273
22584
54316
31737
95405
67910
61931
41810
80225
71965
69597
44746
93124
18365
10737
38710
30170
83981
92679
51432
41407
70852
62703
92566
81816
27231
59233
81152
33253
42558
38937
26813
13998
55480
33789
62187
67385
72044
51533
11862
38115
27064
84827
19895
62938
18760
80129
83624
16065
37037
60242
42210
90710
14306
86080
95290
73701
38872
52264
53044
63960
32225
26034
22161
40297
83929
53580
80513
66236
92710
73167
17918
33554
90828
92576
14809
27483
71221
20590
68387
71568
85072
76327
54765
30598
76923
24032
93778
21818
17094
20454
57456
91505
59513
70751
28596
99912
78868
44191
69045
99527
80621
84280
44008
99770
78755
46097
26604
63407
29086
74921
56841
26622
98509
97734
57814
32718
22365
66902
97659
82919
67393
59678
55500
91628
23997
46329
89166
40106
20988
66794
88073
63554
86323
41250
54545
92419
48079
17000
73439
87500
12475
69663
95281
52015
60393
23957
46713
40316
77303
84592
67998
23501
19865
80065
30335
55831
33207
83041
53659
15692
20571
97838
75156
21802
84509
91795
12670
85629
41065
26939
73219
96120
75287
47622
76290
54874
71865
92227
40048
91805
59066
53988
94676
26692
11991
52142
42034
30624
49292
90789
23677
27718
45283
68881
17922
54748
40607
11604
45489
40447
40973
45582
66876
90674
20687
37304
59500
46841
33188
80988
24731
20812
86997
21603
52566
53748
80301
40992
16807
95554
53635
94538
57191
17383
91663
82718
72344
58205
88209
70853
80608
77969
93951
43645
17090
59844
43217
62616
82661
48451
56698
44941
51219
54656
31258
49033
20831
30594
18326
53068
11739
23202
60283
67392
58829
98768
84743
67624
81267
83578
59068
37832
93823
19511
91951
87407
46715
74857
29186
61831
79532
31718
47340
16204
87449
62467
82902
15481
80328
44134
10269
48281
48097
10991
62031
74333
57613
34042
34263
29920
99933
24593
96211
61619
35551
99385
85024
58978
11131
11892
25907
34939
48109
15894
11272
38772
65973
71236
36558
80501
49252
24341
51657
36759
66569
91044
41998
99127
37393
63486
75999
71433
82065
16469
27266
38112
39555
98386
80515
57405
96302
31940
51349
59302
37753
19122
66564
65944
33980
57186
79028
50772
21887
88773
13463
96627
13463
72825
22915
79953
99918
18900
97328
73251
26216
34179
38715
23924
63303
28422
71445
85810
52491
69525
84252
82045
11372
69085
16182
69016
93432
16178
12293
54338
22825
25652
15218
13687
85718
36178
73151
83027
48800
55548
89056
50193
94554
60929
78677
31798
33799
15319
32255
76146
50353
83430
72806
26847
94151
77291
51097
94586
44488
94109
48562
87531
96325
16544
84286
99464
92687
22945
20883
98224
87689
85634
13609
52915
77868
95708
27640
42061
55935
58529
83256
82885
85442
69764
56498
92240
78410
32436
10140
78696
51067
51298
59958
24026
66112
33067
75760
30081
22867
72801
27624
88050
43290
16082
83147
87820
76220
82405
83118
39155
12546
21402
80167
97220
83586
85661
69446
21183
67995
50163
27372
17567
85227
71811
67758
62484
45084
96230
53765
20051
80050
80723
70572
88783
62364
68694
91389
13334
98738
94967
85403
52269
10750
42155
83424
38346
56963
75804
54896
68499
78828
30740
64376
67446
97769
67922
33885
88796
96276
63647
13894
17094
93174
26755
57898
36741
16076
55647
88670
52592
79308
23950
30548
43666
48908
58769
25163
70415
28028
24720
16781
53146
50024
53264
91836
23769
48969
43876
59317
28988
50269
67885
37306
50663
14025
89459
73427
62325
83491
72074
24041
15246
47063
27123
63862
34213
53404
31370
32480
29785
54768
87027
37225
87895
61722
42776
37444
93345
72087
65735
90732
59390
51559
86596
47839
36877
17264
95594
77331
17811
40561
81272
39367
43996
31999
38406
99390
24265
21191
49992
59528
64058
93380
39201
61521
20781
13296
40442
14009
68196
11477
71611
39542
63422
14857
78401
55410
97201
36386
13130
66368
16439
14684
66726
13914
80409
51646
45801
34522
74396
61172
68028
23935
44283
95513
98177
42159
64929
39129
70834
39574
57162
47955
82151
37551
38333
66401
80427
48855
88717
16114
86895
84040
39401
97405
30202
94713
76722
12759
52111
31781
61201
98005
13755
19596
98569
86755
54804
99479
22529
80318
31645
83671
63257
15559
59102
44204
74486
45584
63842
13582
56311
80614
42762
73142
24388
56327
82260
42863
34313
35627
23421
77283
54369
10581
24204
98942
17585
71361
73753
81191
21640
28223
84652
52302
37384
20054
47465
43494
84859
69517
44883
19006
88745
84870
77470
47339
34505
25287
75067
41462
84609
36372
32194
75991
31301
92193
74972
57376
44662
13956
88221
75217
18467
23703
55106
57198
71827
75692
16012
21440
39547
39819
67520
24800
54449
97101
45888
24031
81947
11166
95426
42419
51926
47440
65867
47218
68700
53970
17692
83047
18772
56886
41727
81653
15248
77296
34125
33261
20310
76553
88930
41075
47795
67579
68682
75342
14324
17168
50301
96625
74106
71659
56736
84557
44498
32053
69434
86289
46612
38648
60651
23302
21321
32254
91920
52569
20359
71010
97480
77956
61744
14316
35972
29363
41589
35777
74309
42121
56497
51738
96045
19350
78790
13773
36853
94804
33824
23397
15361
32586
44080
85593
57548
72873
30494
20038
68320
91561
73507
19350
56704
69774
31678
66948
83568
44886
88875
39759
15667
13711
69739
58206
40250
28876
11144
66606
74844
25357
40517
82703
87797
29575
95393
17143
13602
62358
22597
19589
55688
18823
79151
52636
72432
47090
69038
57638
29219
77736
97235
49897
18532
58749
88852
89323
90860
82393
66777
89364
25082
44577
55833
29361
71131
62219
65996
49478
52576
99790
56518
98960
52060
61864
32910
81185
35747
41210
81090
19420
75452
23867
42279
74158
49733
16160
26075
60217
15955
16905
75256
63994
13416
38087
85931
75007
64089
30840
66979
43334
27142
68446
55200
91678
67579
58514
15449
68632
78646
23898
99077
32341
79354
76395
77105
24908
95368
45050
49467
52679
43357
68990
28315
16486
73959
70711
36667
19491
80413
78099
78375
31028
26723
13436
42873
29275
81934
99173
47941
21678
63981
31309
93562
10776
31592
12562
33478
21640
13672
13576
81349
56970
58662
32771
49669
41445
57709
39226
58686
48743
11889
92480
20531
35916
73926
87000
20633
56875
44861
85190
99510
50746
22455
25754
32572
34402
12788
11273
94669
79589
53683
92769
28067
40374
99564
59305
89652
92697
26451
20020
61955
58161
40847
76456
83059
44750
16844
89290
93628
98465
67977
88918
39676
55159
12849
75410
81785
19322
78281
41875
93970
69366
56897
15642
57329
61372
96855
81943
31029
98826
12647
71152
90512
50660
48330
62043
59963
35688
41107
63030
29127
32074
80973
72776
10817
82282
18711
40901
69611
11561
16682
34215
54343
36460
48367
40239
94264
44055
43081
11502
92829
55037
44643
76477
63043
85671
14769
45041
21449
15614
17588
45445
99379
97007
77179
26873
45358
23165
24317
88624
45985
94866
61971
17004
96735
31186
57601
96483
55682
35409
51732
84247
28808
17623
43835
73286
41528
99490
32183
71119
24014
28715
58454
12559
39412
82221
56522
24798
93606
92883
81088
68187
70592
22766
66107
88718
11811
89928
68685
94964
68667
44024
55136
23472
92930
51886
73510
65407
41169
84813
50485
43111
60767
80363
11909
10712
75204
31043
23792
57531
36025
75490
60332
30466
55476
39794
91162
17624
68033
72717
12079
86265
38516
43083
61649
28315
54742
83919
97616
62374
69519
83682
81461
54646
57326
30539
67147
88110
66354
18224
82582
69008
49813
60992
37356
30286
27667
79345
20220
55759
28316
74571
85013
61637
24688
39700
61662
94628
40986
41000
69663
28725
41854
78983
77120
44719
73948
56987
51122
27240
31325
28530
89295
87304
18976
68875
76791
54608
45110
63826
28074
39549
48213
43400
48405
68582
57253
13789
61920
48685
25115
90056
52491
58754
10105
13328
97631
72733
12278
98765
77330
66329
95019
58225
56152
96566
35487
10298
29817
22145
30535
29149
25904
52426
26832
70837
49499
50571
71537
56501
60988
82184
81082
61373
18489
48347
39008
24209
16976
26436
28168
95333
18688
38663
21570
77826
92540
33860
21230
70105
34144
47024
13121
41678
61316
80113
26867
86446
12412
44671
11412
10672
90037
25517
60659
29060
56835
72383
63956
60286
78838
96545
35964
52821
15799
63910
70494
26977
81966
87126
99385
73018
95924
23037
81804
57988
31367
87770
44420
36826
87092
21427
64203
77332
22724
79099
74112
88222
41907
51551
79746
79644
90076
25493
84761
40689
13903
70275
95427
24613
99931
25366
55190
68379
85378
49927
63826
13851
57638
11857
11460
83127
29312
46501
49593
80993
31223
47124
97951
97007
40786
65967
99154
73895
45677
98333
39310
56360
67129
17139
45969
15302
89894
39432
34237
70095
74081
94462
70492
53013
51268
30689
89302
23076
37637
64891
40002
54465
70554
23973
37912
40321
87535
43436
97868
70296
97265
10624
48012
12163
30956
15186
78499
24653
53082
73605
58522
79213
99995
36000
22208
32190
31376
61885
77671
39120
57573
95335
13262
59440
95791
22461
70217
83530
76174
38843
39860
19152
18975
92362
28848
76900
86348
94395
19053
28516
30721
64500
55552
52993
48499
29236
42684
10330
17447
87413
83763
45370
90181
93258
11856
80732
97964
35855
31714
15649
67296
12211
84990
57597
33874
43900
31913
73861
86020
55144
76875
59377
47384
69865
60240
20638
81927
87910
31838
89179
77394
81526
87814
24552
98326
28638
58581
88050
92033
54368
22318
27977
17279
89355
35907
81083
70631
87219
44769
21823
49703
68979
22798
69741
27371
95126
42750
80501
25101
85408
75321
96272
52170
37983
48303
77209
67260
14781
48376
32354
69715
86527
41582
16891
67253
96605
49087
88596
33600
62621
61120
11024
42382
96983
74377
40683
40755
74258
80729
99134
91589
60811
69722
11000
95389
66986
12320
28689
51694
48508
52419
60834
15893
36730
15339
54816
48361
45443
75798
43529
92283
46697
41425
43084
33406
70415
81440
74498
60487
93109
38270
36922
69306
71528
86791
28241
31429
96105
88122
36615
60226
95120
90418
30752
77494
30734
55796
59556
28529
53656
68205
96569
79621
56442
75033
85833
91503
18485
23974
91169
72019
87849
61957
30611
14697
24727
84679
72918
63565
72518
77955
33256
87344
13691
36287
50324
19335
75732
90126
55971
86190
92211
33898
50802
24339
29727
40284
73008
19320
64386
51645
38669
20216
18200
20866
97251
63624
30446
98528
86790
56412
15441
73986
35540
23100
75752
36198
63960
71393
12465
83157
31997
31674
57516
17015
16701
24759
38365
90888
19897
78670
72056
81157
78407
67555
70386
47401
52037
45242
36490
46332
94675
91593
57301
20336
24171
69543
70598
61725
67618
98858
27337
40032
81736
65274
59017
10400
38597
90967
16730
21065
36897
34488
76118
92635
82577
73437
54979
94773
88837
81907
22022
28242
89371
19796
88765
46447
76788
16894
57364
40132
13383
86366
41735
30027
17642
87683
61701
84584
15612
89047
32833
87456
83961
62272
11457
93457
28611
19428
64921
42623
19547
51157
64740
21839
62352
56168
20880
63381
49184
99654
48912
73631
41041
64255
87763
49716
53124
18388
86182
30231
53276
30925
22135
26326
41518
49680
56205
94937
32170
24834
66666
36745
95099
10995
37589
29812
40981
99253
68768
23744
23309
15330
22618
75909
42104
91665
57771
59038
72116
45984
86207
24958
11701
18826
44114
89315
27268
46655
69054
88891
92003
50905
68743
38534
99561
77860
44138
90432
31306
62851
50116
46664
43048
98968
43444
39382
23107
28155
40565
66859
20683
80233
38367
96128
47872
55686
39644
34293
39981
99821
22553
26516
57078
62786
63919
81650
77173
89870
96555
86519
89709
47954
81620
10252
38682
75873
41259
47214
90211
42165
47694
26344
95907
89159
49263
74707
59002
25475
43869
89587
54401
53344
28380
56823
45598
54455
56929
17016
74750
80526
29589
70890
56303
24316
47546
48077
81713
18321
25503
37652
16711
57011
33336
30226
79780
64091
30719
48981
32333
93627
27420
11149
68329
17402
80879
76811
51352
45741
78414
80517
20928
69066
39201
74421
49281
32199
82002
27122
55135
20689
64936
64511
17611
69059
60930
74384
14617
91999
18814
58055
63520
80706
95756
86381
43177
44667
72561
88457
10818
66268
30684
21564
12880
85965
29370
27349
88202
12987
62964
32914
41424
75087
78823
31844
85159
59783
11683
97215
87595
66145
33745
53791
75854
15212
90917
35755
47634
46355
82877
46866
54240
93772
59669
56298
19807
14206
87686
28933
91161
38014
71496
98929
44167
70028
27563
61514
17257
43054
57128
70598
10629
51508
57373
30842
45230
83818
81110
41805
97609
47317
23472
92095
12107
22806
95485
66383
90983
73134
35741
25270
97683
51481
24102
75652
39668
71682
18895
82393
96185
87678
79727
89316
42137
35420
84420
15825
45562
90230
75751
80682
11200
65134
49612
17917
76966
49598
83456
90522
39693
84333
74928
33195
44705
63015
47045
53577
79390
35633
30303
74404
36309
61503
88851
20924
54791
75973
13182
84110
73401
72563
75549
40050
53509
95660
32650
13814
34941
15378
42185
45439
87452
12850
88048
11888
54506
31664
14453
30021
48738
34148
68869
22174
84683
20977
41268
75598
40557
88016
41209
76902
22482
56318
97284
96575
37590
33783
24331
50704
82088
96247
87045
64908
63935
88096
78522
80178
20000
19160
45692
24347
94508
73638
14515
96250
21855
76119
92935
82298
57498
51790
27619
35451
21214
68539
35163
24281
87317
50865
23814
26306
90340
42812
24354
15100
27882
10004
72738
56448
12159
41472
86845
52688
55301
22236
67884
64870
38827
94756
75583
94882
77015
96581
40549
55168
90104
52295
63320
83713
68437
70280
61365
79259
71070
11016
53132
26951
72669
56210
76385
46146
29910
13305
17811
17745
48687
47339
89867
65701
82025
87126
65132
75232
99714
70440
85872
49277
43522
97039
43936
39306
91802
50536
62107
59518
65953
57434
47763
49189
21647
11676
42251
71576
46588
64263
73687
78536
81270
87306
80340
44282
93977
22669
52695
31675
56174
38495
14248
99537
57095
87771
86485
15931
97866
24243
69967
75344
69753
72363
45424
99815
97506
27417
67316
89593
39981
32967
46915
27896
73808
96088
13460
13097
29900
11316
71517
47271
97752
87432
53808
50191
37958
11198
45614
78322
64786
37272
70831
51214
13209
11469
79437
51050
28322
32371
72061
61282
16405
38108
43169
48811
18336
57869
80510
86224
18018
10826
23449
24095
48714
64611
74647
77830
65247
98013
43643
47913
72077
39811
60782
97568
49428
21134
25731
68777
77078
10761
61323
85310
74387
66307
59929
43120
94969
67849
27377
58669
14108
70739
20455
84649
46954
51890
37639
46591
91754
88423
31594
74766
90008
73054
61799
66380
48726
28551
56359
17407
16271
15149
64528
20753
94884
89743
90284
38455
23173
29779
33192
28780
81008
95712
12603
16959
80600
68363
13413
78170
48806
55045
12762
13166
52822
23581
27782
47448
80002
25411
31907
70166
89002
47703
88861
98844
34916
50394
17805
87715
35120
53243
12610
55020
30668
73947
44178
29531
76224
23279
64857
93158
96759
49542
94276
59302
38443
26263
62652
41681
13314
11823
19863
80380
18759
69038
27007
97272
61044
30493
87315
21675
22696
71595
42835
24305
54899
49685
38474
78235
17101
77097
66367
65640
82041
69446
79187
86316
50105
70479
80109
85684
95205
83421
67545
86772
24224
45540
18615
15751
23732
45189
18472
41649
17559
22353
88961
93566
40013
23867
38857
33390
81176
33926
84226
19924
45553
43462
29480
78156
88598
53516
97497
67631
66670
39556
47204
14668
58694
20224
19018
95792
14696
74831
47842
96476
73648
63576
32186
85337
64480
74424
51028
82200
72224
40228
72626
16850
58684
85352
58245
95484
72910
73316
22718
41388
54898
25671
48005
33660
87322
38703
80585
46943
60143
12813
67224
35310
76049
88589
13267
28127
20984
25357
28218
47994
15769
83150
30391
96904
31319
42945
69770
12731
65167
60803
68681
19759
84642
83042
45689
55126
40710
31289
70898
33096
57806
18712
58500
43063
23583
85247
99865
58204
55108
46449
80838
61773
99059
63162
85166
14288
88319
71376
36883
23754
65988
56079
20722
58599
65044
13670
85857
36752
74672
60130
67161
98808
17621
56926
24146
19839
83111
21459
61483
76058
89674
17283
83874
54018
75776
40184
79718
96855
80557
15765
34697
59912
38696
66098
31313
27914
89974
93258
93005
78602
74040
90663
35205
57649
30299
30150
96498
77592
15794
34604
57144
70838
65611
59042
11567
94953
80692
92081
98974
40690
30828
70613
20305
83467
63376
97260
38417
94846
46278
99204
67455
48236
61074
59104
27084
61918
36205
16250
22097
17337
39952
44799
57572
95888
11270
46946
78023
56758
37604
20485
34474
97674
49724
95024
11410
19845
41899
74029
53963
90678
56154
12919
84544
91922
38491
78898
36090
80768
79212
14296
65570
12708
89281
96456
86058
83857
30285
67088
84670
32043
37151
10290
33218
48287
32926
78167
90592
30211
46361
98144
44452
19323
30504
83652
63108
81586
75001
50550
75961
90563
82506
33744
68519
71332
88643
55617
40067
50964
54278
24540
59985
34047
11744
59754
54472
27679
39282
57406
44123
34812
87536
31043
96860
38267
64893
30731
70511
37213
12966
27669
24212
58393
84653
94878
12057
62985
38708
74481
13903
68393
66982
32049
95286
44261
36735
64830
18909
59915
60669
83841
73862
89216
64164
97887
96748
49253
64490
53732
94097
24741
72479
38209
93054
77616
74888
62426
94862
15703
36154
62635
18139
37249
40637
19477
56793
64595
38763
66377
72500
59129
41022
77241
25095
92528
28829
90290
29606
77687
31955
72937
15009
53519
82195
41455
23454
55227
48872
35503
12351
65275
72819
96851
98278
19129
59746
99877
77104
50491
49077
30895
82973
21843
22820
49426
87819
49883
42276
56118
12895
23175
44251
68230
79994
82396
98556
85124
47841
76538
19505
39318
41048
62518
16717
32576
72924
83787
99372
36955
54343
30104
48145
39595
36402
85918
27587
38481
70855
48708
67740
32311
33650
55539
63559
54740
34856
49413
27347
54258
89640
43210
58392
47144
83408
15795
55141
76584
68656
83330
98402
79641
99140
74586
45697
17527
85618
35555
37804
91390
46147
41799
85136
12588
81416
77486
68240
13066
49459
66412
35924
76629
54902
37687
46853
13515
86577
94710
29951
14910
39934
22929
38922
48758
23460
41948
77540
35791
43253
57925
18326
18314
24343
29152
47066
52249
66539
12133
27172
11646
68233
87433
45068
55841
83065
73698
89280
73619
14331
21367
12478
42700
17390
50823
18144
51657
19658
77650
51429
71853
85023
67643
33185
73178
91477
42248
92610
87276
85150
79465
84032
85933
48627
83809
76143
21725
74064
59476
74904
99654
49862
19224
65455
40124
13296
14763
93252
33191
88850
81290
21382
39168
80034
10127
98449
73172
56811
11800
47029
62141
57653
84819
25820
26800
55743
31267
51886
49504
58793
29637
95146
65767
22152
24932
75185
22854
15339
83320
82235
27786
96969
18584
44099
66555
40005
66385
49330
99680
28215
16107
97315
48244
35659
41989
92169
74618
82783
60255
77591
66429
20436
63261
39030
39243
23967
42166
14912
96774
20336
16919
33762
49235
70216
21013
52930
93214
41068
64453
31641
49577
89981
51409
46392
80215
95926
95397
36184
95509
58940
45442
55417
30315
44106
11108
21049
50529
69818
41627
89684
42744
30545
69793
50506
56923
24347
67308
10125
49340
24944
87855
61441
47000
60921
67539
37905
18180
41376
79729
31218
30319
89707
69594
10820
71512
50691
70143
28578
35652
82585
21150
26535
37448
29300
76723
33277
44918
65522
19428
96885
30111
57253
40045
62493
88857
42857
18435
50544
25156
32738
49986
77243
58400
44451
38210
91065
69978
74942
24447
15013
50478
77282
70115
47648
91777
86434
84313
38815
66977
68855
17158
36430
33376
69658
22462
53566
47543
40095
29970
68456
87041
41484
85201
16721
43150
46844
95275
54748
24443
87914
58770
26997
23640
78655
63998
20267
16310
71127
14163
56683
56171
64568
85339
58693
69039
73361
37871
28302
48431
14780
29071
88700
99202
61107
99711
13861
59193
35185
56369
71611
69983
79668
48444
88136
95327
46507
51919
17775
96417
54824
73969
18270
79882
11118
35854
43024
91145
41855
29838
12427
86305
84140
34943
33871
14623
79628
77641
46413
41031
30418
43688
98445
82291
14588
81403
40798
99476
14960
42882
44803
64573
90826
76085
21767
69683
22934
90483
28072
80903
29538
53228
61529
36620
69504
81506
50152
58068
45360
47696
84500
35321
82081
85395
65526
84074
27303
84724
26248
72532
68837
62388
22761
78250
33148
81864
66658
58682
95940
88240
56796
49113
13551
24733
48516
26549
37629
11784
19580
83922
70469
52861
46362
46636
74033
85083
42684
88079
95401
56633
69566
77156
16302
89040
45750
43241
27706
59265
35760
54718
29642
92794
52633
46318
77168
40550
45720
19126
71297
47363
63382
21976
36592
68348
41705
85513
92874
73245
79786
19646
44117
96355
69964
38212
42640
64653
43523
76872
72063
28494
95771
27920
74011
43561
23539
12895
82013
65346
69065
96982
19435
67317
79373
52970
55587
31170
65294
35066
56720
10007
30326
96640
82167
78230
29187
34760
93866
90663
17711
60711
24272
78533
67582
61638
96709
41649
98127
58115
70740
56490
39422
66014
58545
60050
59895
84476
38898
24680
41881
13655
79281
84499
85914
50465
87115
31371
73196
67053
23886
49273
88248
42990
64812
76779
47105
61043
26736
27776
82385
92732
61902
78261
81118
87874
87355
38910
65771
77978
30374
29322
26413
50962
72899
15311
50276
69891
14897
37812
22001
92973
15155
26524
60702
97595
67812
72658
79924
11556
71816
10121
18025
71667
89099
14732
60460
35950
87567
52014
58557
73480
46693
79257
21139
70873
36734
61956
60870
81194
44602
64103
60606
90502
91939
79060
15046
63500
84352
37919
94688
75237
26243
90862
17546
41651
19891
83552
48475
78371
65951
17097
76465
67234
34125
51883
79878
97153
28359
87242
77630
34590
33467
49263
73137
20583
97606
29882
62992
25614
16694
60671
25314
67697
41873
19236
78057
51184
67778
85375
89543
33027
63422
24486
17799
26960
93718
73664
23156
96593
87192
60396
18840
42710
75566
13604
85592
41497
84300
35928
99094
23374
12564
82363
86565
43853
12622
29347
26306
42264
46717
54934
60261
98187
10800
45968
71546
82351
23702
66682
13060
73387
43623
95003
49136
40386
48834
55119
28430
54456
90037
19840
80067
48107
52829
93382
82397
21371
28978
26320
46557
74207
28832
43519
39895
92186
25324
98348
54284
63260
28937
67608
14466
58717
75861
79109
61262
19948
16309
71199
15971
82756
38679
49184
89127
54661
25222
23897
30096
61352
52020
39290
28626
49104
12013
24264
43478
37328
37032
43236
56622
49047
97075
14190
89609
34377
46343
75016
99918
61680
89621
53065
66395
24869
70091
74936
16422
77809
47889
39732
94135
92599
53313
68881
24773
63656
61254
14372
73000
37343
16111
69970
57644
74511
78580
72542
30284
25442
38658
32600
72058
63199
10354
78767
77183
19910
54383
94953
20307
86982
80449
40718
41534
18909
51663
57392
61205
65191
62363
48216
83361
33415
66285
44378
41348
57676
23583
11489
87548
84210
66287
75738
77860
23163
85613
49259
44481
56658
16060
43829
73935
63419
15794
73190
47608
17332
61065
44549
39296
19666
66320
70976
46269
26171
41061
23032
36628
15399
72656
25765
25865
24650
52736
39080
31590
44299
66533
13039
33352
51169
54117
40692
66563
13156
73644
92091
45004
94437
78948
33004
89153
80376
60103
66970
94483
33000
81795
50416
91631
80314
12588
92307
37631
85356
77903
92356
74783
51928
43105
88188
34481
29926
30889
38216
93813
61332
68309
79025
99277
17576
44014
12859
66514
91944
68692
83937
52550
63162
35894
34571
21903
58381
79995
11831
78936
83670
45152
37073
79079
80683
30054
88360
28898
20386
45233
56308
39023
56813
29175
96836
84073
64369
95490
49875
95926
42541
32439
43514
76903
85481
28094
12072
14728
41774
40752
99978
75274
73346
79451
93013
72747
86161
34862
87945
68872
15755
77693
44908
93499
67817
23602
54683
52706
73337
87153
80585
58944
77477
45967
27952
68006
50897
50774
72331
51125
74789
51542
42961
55076
36498
45323
65125
25812
58855
53996
36111
68040
87607
92366
48695
31286
19256
22744
15261
31927
60725
73565
54903
41830
82376
74529
10803
91279
37805
43540
12159
75970
78414
53695
27249
26194
69994
84417
84923
60860
68985
16546
25897
65204
31650
15454
98474
64799
58387
93762
34352
15617
51063
13103
13693
77961
17912
27801
90236
40263
12810
22734
56613
37518
77937
82394
51088
84505
50037
32233
20994
68326
82062
56840
56234
72035
60274
87633
69166
69377
59325
24386
67769
65765
12312
33352
87128
98865
48306
92166
12867
74403
41314
11233
31548
93489
17939
23923
35471
45267
32464
86061
11454
49306
19047
56180
92858
99543
98490
66118
82011
87727
54118
93872
17860
84320
87808
99130
10961
72690
80500
85766
44979
13182
86754
77384
36501
76762
45684
98611
18222
98565
59636
90219
90937
18308
76976
24725
29907
96215
49436
32167
43457
90972
80360
75523
61095
34371
45575
74046
51715
10951
50789
24888
68960
15960
58314
38580
66032
94203
53302
65457
14881
60533
63765
65848
51626
76559
57491
61384
16661
30752
97175
34807
16074
77183
74692
50879
12483
93950
11971
44150
73655
81614
50664
60555
41227
70879
85913
89245
29965
70831
18208
70410
31127
95413
98890
60176
57118
49313
76180
43417
35759
31547
12839
75023
21940
40420
42924
94758
22157
98880
56996
75605
92775
62682
29108
43824
89940
37887
68995
15799
40403
60175
41762
54240
73561
25683
89739
18170
80241
67865
81426
28716
51379
59989
13899
58596
48308
31438
27227
17443
72641
11522
56360
74172
72379
14615
33755
64400
10699
23924
35772
87572
28631
86165
30051
19450
18230
94512
72993
72473
23129
44762
36973
21089
18566
34938
24046
66827
51890
59139
19904
12147
18010
92729
63588
47376
53605
58715
34090
68668
38650
33573
96220
20442
58314
92458
91544
12582
94630
63287
40642
68024
53550
72106
32649
32938
32453
10698
90350
21957
83955
67556
12744
41703
50514
29958
47560
39481
46663
67794
72541
74278
95859
18211
98374
71360
96058
67782
60201
26512
71763
59953
59688
77268
75147
75696
68884
92649
44459
52886
27417
40902
72268
88909
85126
45588
34992
57579
32722
92914
55378
63984
61873
60317
23801
65870
29761
55413
54958
41759
16000
11952
42246
37593
78651
68537
22644
75261
63954
92133
75677
88371
34725
56481
12042
58046
57233
22301
87665
69007
60498
26383
64180
65534
23656
79853
61893
73232
52733
89255
30409
28505
99219
25383
29174
74045
26599
47198
79752
40789
12976
45698
83465
46794
27170
31102
72375
58306
11906
48787
89964
21477
70052
33536
79039
20226
39625
29196
42878
27640
62735
10351
92621
20569
66693
84437
96266
66916
85991
88060
75926
75134
50747
82781
43197
65577
31200
29960
79960
16757
13818
60850
51566
27575
63866
22696
71831
20078
33132
44600
33280
83806
96471
48644
71372
33706
61152
45266
99856
79031
57984
60499
14991
47909
65222
24876
48449
12250
34118
73966
83012
68499
66651
12810
24721
26624
68936
82771
82430
88655
22571
92502
10080
11744
26461
21289
12372
37934
15353
46148
29102
86738
97096
83413
49112
49281
39291
52330
18450
56690
17058
79592
46548
23908
33841
38339
72688
90308
27338
47278
98350
33642
80153
71504
37636
32435
78878
15111
10566
27382
37780
11256
29915
70631
53349
38435
68205
19587
95186
48511
61587
86871
80801
63733
17175
47222
66232
97413
32542
98097
73716
66007
39438
22320
69560
44843
61931
86071
40756
83250
68680
85976
70065
58155
70829
12690
93811
89078
82063
47099
78199
40018
76470
63782
31917
77587
67638
25890
62303
98693
63399
82302
28511
42349
30604
31484
33015
45337
29876
79134
97829
84494
89599
17555
78138
19410
78643
28077
66481
28292
74153
41101
85063
98839
90017
84639
61746
41572
56362
47349
19741
78519
76624
54670
86512
35269
63307
61826
60309
62679
47535
86717
45726
45599
83144
88877
55546
38967
57072
73163
87572
85938
26987
76379
34249
75232
42456
79642
14899
19607
89659
73022
56362
30543
98481
71783
48487
27721
78886
38150
60118
24793
70124
72511
35969
30318
68519
20488
91535
95201
26787
41106
26842
55846
89893
81794
19880
10806
10231
62211
17387
82419
69744
75587
88786
72573
30541
92211
67606
90946
89004
26615
62373
47119
32978
69574
76945
97060
64034
50227
73289
15088
76702
98504
17857
99180
99262
12077
39741
36312
62195
68986
57621
34281
19526
55088
33952
55866
49253
18454
91353
26244
92623
71412
27772
56769
21283
36359
46989
71294
13098
78576
66524
21808
11229
28211
28772
84815
59416
30681
13760
57198
30272
22137
58588
97603
95406
78971
85415
57026
33594
71608
66957
12551
49923
55144
77989
90239
31599
14402
68046
10060
34664
86326
34357
26514
54538
78022
43402
37146
80603
99393
31438
59436
10390
75301
67977
50340
74693
61462
79169
70083
34890
64814
25794
32212
15296
60437
10063
73932
43351
54196
85952
71459
60880
25811
20671
26033
29750
44793
17818
36907
21964
76640
94827
81958
17228
41041
89524
72015
37581
10177
14924
66737
53372
79093
70741
94282
31587
53713
70113
71250
55298
12039
90953
14892
91873
41838
25586
87372
95331
78128
72464
52127
90338
50341
84515
28255
29200
70142
85920
75962
12245
47238
83975
16930
18726
71309
96671
82878
31766
10875
40801
88928
93223
33342
64237
33950
87311
26159
38178
15347
67457
90669
64821
29528
57624
98043
34388
94495
96508
17526
27380
32236
45612
16843
38614
96140
53772
30816
88295
13279
32926
92747
52535
12709
89995
43510
82917
72326
83573
97786
61241
31693
93076
82887
78243
40603
57931
78807
34383
17696
59652
12174
70522
79735
94293
99766
74138
45238
97768
82749
53816
52366
83505
63381
55682
50886
43208
44224
90333
91156
64244
72756
22826
88734
71451
71882
76903
29714
96252
72925
71817
26111
13305
36034
96264
61442
15910
90302
74450
70924
93730
34202
64529
82616
37744
37881
72416
67809
52379
14846
49666
46947
21419
29940
32516
61231
37005
24292
48061
20763
32590
12280
51293
19576
72641
15578
21489
14980
67690
38439
99242
36392
23546
92805
10012
19928
67151
82966
28070
22192
74824
19382
94602
53815
32962
68245
10090
93024
67273
27367
64639
77259
45348
51347
99711
35224
30774
31365
68816
89130
97810
68457
51286
10768
84538
24594
76101
11925
15793
62530
51575
33193
28142
46074
60594
53544
46017
54584
60823
72774
80327
97972
55454
20453
44187
85025
65301
65514
80759
80621
17052
44328
95402
97374
93670
96234
15859
20605
48752
30607
82003
67834
63082
79771
30251
18189
49162
62877
88400
10535
79152
20315
47908
74119
35938
46731
40508
65445
90717
69138
84794
91432
54328
80886
20597
50954
59892
59948
97310
18884
27466
63453
25454
86707
70439
73471
32076
33868
46267
28037
35770
93665
79855
26571
25846
33844
90352
55855
34073
61751
41704
11322
11662
89325
94872
86971
49319
16127
93641
62251
17602
89124
70972
66203
87097
75353
80289
79038
43385
54679
48948
63490
24821
62633
65816
42099
69425
10593
98149
17004
85539
65874
52962
14316
66094
53071
49741
18110
35676
97734
56467
77390
60737
50219
21272
33073
65724
87885
77664
85832
38600
15142
28826